4.960626291849775
4.623568035333371
4.927458328696723
5.110893981765126
4.545341475273231
4.68915176152058
4.697027057660383
4.8390791372722415
4.768437483588676
4.2003669928664
4.905143343907015
5.064219729665867
4.779987128385683
4.823872945433088
4.839497718608213
5.1209805294455375
4.34578763906788
5.061748644596149
4.8422447229216115
4.66866662663798
4.923602292786591
4.781100645041343
4.635195096068855
4.735453391204995
4.350263113053012
4.559090347084402
5.189444813525266
5.070900580933405
4.909077829063451
4.4754002335000855
4.779428573128881
4.817841342447495
4.5500162939535125
4.989632654073648
5.297349997886326
4.6335525348589
4.600035310780447
5.010068663467866
4.455932317792745
4.970250354557089
4.643484556486526
4.988791983664655
4.45880259402749
4.497977505347277
5.054280005283597
4.890177567834801
4.754777710676254
4.593252499519139
4.423761114785005
4.594184565714656
4.908684440888141
5.200024816521574
4.9837579813293
4.907910400174062
4.555600045399934
4.892258297733304
5.231876652306773
4.907903575482095
4.895897932046242
4.875784693288244
4.713988524280019
4.780404780610374
4.935993472463399
4.951781427888824
4.821417847530115
4.47125327037622
4.915158357860566
4.775708828444505
4.89713429252982
4.3858595078958755
4.880959186355161
5.008069977496436
5.205682454431602
4.995448299567266
4.784450563850295
5.1543004582505105
4.4858985898582455
4.93375912300129
4.499001332671965
4.621402824650898
4.953229744479624
4.6339364712696165
5.13654022935493
5.102970740307964
4.96150403711255
4.5911865339883695
4.714770453684347
4.525257382529109
4.829475338680756
5.239398520654712
4.925037938727603
4.916136540996522
4.6319839095641955
4.857378032639981
5.056030948416579
4.965690171784024
4.7451064421871685
4.563705521326336
5.005955756322491
4.874882234102217
4.518530029711989
5.217389989697225
4.7683987589628405
5.197130909418645
5.041194841187056
4.675959211680538
5.269894255861954
4.7469211151166695
4.967580124806046
4.724998317665214
5.421564076727237
4.991307341979803
4.861926568875744
4.999304408108422
4.766872631310004
4.804336911252368
5.002527140475001
4.969749849660232
4.431682761541819
4.972121728367898
4.846401936002794
5.011780484461436
4.949444492926046
4.674520636394162
5.0749797461790225
4.888415326182083
4.843826274203751
4.748851529342917
5.027698177971896
5.399680373710841
5.050439374556771
5.0860885672144605
4.812749364530347
5.080375995383259
4.9519148365652965
4.62583657778842
5.146136818584184
4.981666572025334
5.2430664252937955
4.951911635936798
5.14337519926983
4.6302221714243865
4.45593754589497
5.3751126168428875
4.57330379170283
4.78541130584287
5.034906738558983
5.481783741920529
4.443312768925046
4.419625930256212
5.149249605083854
4.852069155252192
4.703141127621292
5.099468277554475
4.858100128671953
4.646183069417976
5.2756396480382515
5.1124735655718
5.194803872703884
4.703558537674487
4.852368417117733
4.908241954946695
5.184642878999618
4.784415222603977
5.033906870729058
4.78777934431978
4.818184517443237
5.345074066512039
4.607432224110303
4.803038364912231
4.987907351248308
5.158639229909184
4.926817919346268
5.124565665076267
4.874014153768588
5.356717286539117
4.7434988450411835
5.070494578601633
4.835478581763303
4.76496464135625
4.9947262091598175
5.363150721747784
4.750296997813836
4.430807483044203
4.512656132320424
5.048099635014711
4.544665874462468
4.98256173541695
5.09514274928734
5.127468990622726
5.122270660665545
4.730270508414558
5.046903972944365
4.980069782853539
5.24429548146643
4.799361799897427
4.816324252598223
5.1193026375825035
5.1791643368754645
5.198528201802356
4.624154432735319
5.224245458699281
4.826684869910423
4.172713602967209
4.8059807970226425
4.526542121439405
4.881863382604805
4.712058701366798
4.897436595634261
5.2366835858218055
5.049871122215488
4.663564094492897
5.14607255310874
5.284812627727369
5.3039252485400645
4.9394814284284685
4.60869952741675
4.954999551088789
5.068024387329577
5.165851250376517
5.564909806917853
4.796790495687903
4.960633366988213
5.16762051853153
4.56072180452501
4.800575011123549
5.028557817876194
5.376548976320161
5.124053522963058
5.1857872261395235
5.362832389323964
5.2151928340164275
4.969164543025516
4.917949324783986
5.011872190130678
5.028970731569194
4.764396435785426
5.779559319837561
4.548285475219288
4.96678649204609
4.752410412255808
5.12293495202845
5.245711765577101
5.123379183928084
5.3030035994780675
5.1999506245655205
5.15823139786785
5.369229785379663
5.083590732536652
4.8444267234820115
4.962903089977261
5.0724206487902475
4.841152843574231
5.549985272282703
4.966675052116275
4.21462897753673
4.43375387495878
5.07905109281185
4.790565707522486
5.111030924515136
5.635549574336216
5.196991734537323
4.996780497978864
5.3215412337207715
5.537117989287027
5.746951615173177
5.137634789774856
4.736539316785458
4.929104622172571
5.39082152809066
5.448068804916146
4.763310635160797
4.77602482997224
5.1357875135128035
5.101487214581646
4.90866393645575
5.145747838432191
4.677857528273076
4.469567222367587
5.194972747826424
5.124273571887852
5.481478413256014
5.28760099726219
4.856358058866916
4.93747024362908
5.092820253345346
5.270738135667296
5.4728110113340325
4.986489255642838
4.601623353815646
5.456267840590044
4.608808707182341
4.954907181678495
5.246240209322874
5.392136374246024
5.249216165005682
5.33547870680366
4.926612384344717
5.485895274948553
5.364758587805091
4.68920003695048
4.944975302378847
5.191048636901868
5.54580313535397
5.1754383530752746
5.10387758710207
5.175362773026958
5.350248680233301
5.529994848713568
5.388737021197313
4.91193322675687
5.204156166210289
5.146038704311364
5.518949949825728
5.440003656137396
5.240468706693636
4.8564622776354245
5.460632061874945
5.320902969678557
5.2139706027312185
5.5512370838251
5.092542357702893
5.148076998265774
5.534675439427008
5.496643364897689
4.377894110446767
5.0734874923157225
5.695489627262675
4.497040699401032
5.138496367898255
5.384999474249601
4.722692349926763
5.695832475568676
4.825936725513807
5.532653655229388
5.273332846205953
5.113555863022811
5.0101754052109495
4.941153182966707
5.448618362989831
5.354622756749706
4.853390557461086
4.898069971814152
5.19564653758666
5.372246787085501
4.786632808784431
4.858475794420635
4.937368807240291
5.2075461325055885
4.646699538207639
4.879872989668647
5.3891976700788895
4.663363079752517
4.749060412259549
5.157422757805826
4.480765735583259
5.280071696311584
5.14039632880364
4.78842776924017
5.332398526455064
4.913263050000605
5.095317150707995
5.086433934086663
5.553755175009768
4.709187773949118
5.343570545007583
5.059138680831026
4.734761076317992
4.9879082835092765
5.620436453475294
5.103095991351126
4.80912282204757
5.224017360950956
5.132584808819103
4.9633529105828975
5.019318106611168
4.839099034172346
4.895252036426087
5.107115890285946
4.596411861010956
5.227160330992194
5.725662584693397
4.675603983734457
4.955980193344964
5.422199086768597
4.999665385726322
4.680778911176642
4.69484706433492
4.513225793828422
5.344460879761136
4.9553840141752366
5.004578536619029
5.031779578537987
5.00362432346972
5.102264880897667
5.328987884753107
5.361102548062409
5.666657673517057
5.615925963255778
5.406718774147171
4.848755645869445
4.98579057464301
5.610526440392723
5.186619386764568
4.794804396219553
4.643658290304864
4.933655253727733
5.21075925052674
5.158462149425418
5.20345564564965
4.737884703963132
5.180896296359413
5.550303679339584
5.5986271883396075
5.216078266257228
5.549685491610435
4.981784452021239
5.154638526038999
5.3681471556026885
4.318756239826302
5.011578725921645
5.256251973249516
4.762734393263401
5.0880974424441625
4.983813410210387
5.241814849384446
5.015782650413133
5.2001225914862745
5.211415736012033
5.455512685869181
5.291066239133324
5.0668664885687305
5.058325417487839
4.851151646759256
5.501462376260342
5.007716829275794
5.234632827341985
4.886851115958392
5.1905628958455745
5.096754119951676
4.79817454679715
4.722974626647204
5.03031440485822
4.947144650134163
5.228782312742912
5.130179895532929
4.949986889850024
4.792713756568174
5.019620960237093
5.306188349155918
5.262554855687183
4.899936484378208
4.683239522844556
5.137638519657982
4.545452957373436
4.797419871580863
4.719160894408304
5.036696792690116
5.13936396894595
4.777524495515596
5.6225676281498895
5.123999698431442
5.301838836018209
4.723739476124337
5.437260283274749
5.28579526169804
4.98375728886882
5.4874160375182095
4.8017146763435665
5.377165305443213
4.871000421683232
5.38011344331437
4.851132750652367
4.96671880611295
5.071812953683623
5.007574253656458
5.08950800664172
5.023776576475158
5.003301461809854
5.078293302316974
5.143718748992887
5.147842484132759
5.060872946676493
5.027530136127904
5.26812678822065
4.821017908378755
5.181032891241908
5.284978788156445
4.890669416713291
4.659858370307432
5.320973993525242
5.16996259772979
5.273860265114345
5.791204390733914
4.178923389926881
5.338893114711709
5.149130341971068
4.473591748090589
5.491093183000966
5.250349113727514
5.048103195746915
5.465059700021529
5.253230093580004
4.71427918982549
4.373875978135923
5.58354103405167
5.25038931627889
4.879784126596323
4.772898703955466
5.239857364272668
4.982176958813144
5.165903137927828
4.8822303718012465
5.496168029409912
5.148595456960105
5.023880954703697
5.128248888039561
5.169417657683318
4.884917085015992
5.633863807350249
4.720303504617625
5.042495272910313
4.731250288440687
5.174693933036673
5.2904735650596475
5.253479222207841
5.239019689360199
5.105615643876296
5.216549296679343
4.598381499388505
4.921682375263089
5.401529470638458
4.810423844419094
5.385769011342736
4.987748879001624
4.9726449936344
4.718067482839009
4.638222348559193
5.362557438084186
5.219922707355456
5.344245896529315
5.360876014420331
5.116548500988752
4.912289096432638
5.210984760733867
4.940664119844363
5.0294808916243845
4.571676608308264
5.540439986936404
5.00682444263076
4.832863582430855
5.248810306421106
4.0825221421629125
4.906185956206295
4.738981425869894
5.507386531964703
4.884937424185567
5.103070639547925
4.941505946858944
5.304274775196821
5.22245100135466
5.269808537576294
4.866110289615748
5.184100473450186
4.8146084890202845
5.2152202185937995
5.303859399438091
5.235218532547001
5.019490335791411
5.3079441670046865
5.640701523832944
4.981884393283765
5.09741523400355
5.088934120730625
5.375802719850384
5.024265657172649
5.4252868028286425
5.124868732181547
5.0633666718057215
4.837541435585845
5.0924291058060716
5.574703599007607
5.787382357015904
4.955094235048622
5.270865243609567
4.979574061179523
5.020093466859906
4.777829352658884
5.0014453404319275
5.167963195189355
5.298889084712963
5.360849180081135
5.216282958246443
4.923763650988079
5.308595631895241
4.991330236013311
5.072770678838557
5.3285163972451866
5.380654228546003
5.562981749410046
5.10835788548389
4.8274716420497255
5.075845679080239
5.192157199275686
5.221339050194151
5.507609652161734
5.2428190756907895
4.778454927902972
5.802874233569254
5.03952792188673
4.8663532723682446
5.464487009996273
5.179661683164977
5.183334993171604
4.918376024883293
5.255699540096758
4.914012102123905
5.110342736494637
5.1910065593993915
5.0556405055256555
4.778933915085762
5.454851840263085
5.126561113063426
4.927258614278007
4.967086445484508
5.305773927688331
5.408546551533598
5.385455094987042
4.889189241231801
5.4575479391019215
5.191674766969931
5.0925789638636205
4.894117311400644
4.91054903648338
5.137886937751166
5.194423559827522
5.411390509552122
4.967564913336052
5.221890014450224
4.990486360594171
5.727991071767005
4.975834741488964
4.639172800955655
5.328707819719961
5.258008401255802
5.064155556720152
4.988791929565947
5.155924356441952
5.212461303167895
5.1567808164037245
5.053415427179604
5.102150685041299
4.840165791794033
4.924666119555978
4.929417910139484
4.958542949447109
4.792198911977822
4.9222011786293765
5.314527164901483
4.425194336592758
4.796767971438732
5.290828122440269
5.10450791618619
5.197150556757383
4.743308998213829
5.237503272666235
5.125478555260873
4.607707728299471
5.154559919582046
5.334231286947626
5.182550113177305
4.822732985246006
4.8535784327474305
4.8322146185583135
4.67468883837984
5.094540236094227
5.219999740916885
5.098553561700039
5.09596521372263
4.92843419858356
4.839783565432169
5.397606204636593
5.197918570190748
5.592428275888966
5.096873380112751
4.875281089548673
5.531727269078743
5.311316836480361
4.802401602647212
5.241138920826351
5.149150443546991
4.862334966487695
5.200177356474777
5.552517681192853
4.795592848697182
5.126175359591409
5.095510505419205
5.574275113402387
5.1844285352353445
4.691959324487456
5.1738819618225
4.986140047637009
5.227532667788767
4.906813823142276
5.338973587113166
5.4375670057838175
5.028711790039046
4.986981669556032
5.177739788504402
5.18317053594707
4.988445682090785
5.38728704610764
4.827720713619106
5.196104243348785
4.845101715446105
5.353558145208175
5.305147278878446
5.067388786052772
5.035964903134429
5.363492608586613
4.777635624956768
5.572208751554305
5.064617776608704
5.274340134423302
5.263312869065401
5.736461280620677
5.124880232426926
4.915854309862523
4.945636086903264
5.056319541066287
5.145656683180137
4.754481443419772
5.111195548796209
5.090913876590793
5.172454785893468
5.017160224393997
4.361814143904836
5.19843327778959
4.629683338269468
5.209491588944962
4.966559218413762
5.129824215741003
5.263078550580443
5.434314069835941
5.079410095738836
5.28364904167328
5.325829126791422
5.571599051425057
5.289004703391547
5.178846468692228
5.350830351078961
5.1385522261932
5.023019853537645
4.479954350783992
5.1495635779807465
5.123616669962927
5.157730627949275
5.334778564751754
5.161274943998642
5.185689095538994
4.809257559419592
5.21270159033158
5.277625335088206
4.818556610413581
5.332079659462697
4.959574699864632
5.431237359035208
4.2116376788889704
5.096763951731512
4.732346541265684
5.596822345843375
5.225775137924009
5.351042915398239
5.138130351591662
6.019046310112239
5.041723227862159
5.3440670977099245
5.270798780774387
5.328787982804356
5.181868309249864
5.47245911220274
5.273414228941248
4.358468257441046
4.9667571187901665
5.616028412124498
5.2659832893025245
5.387243652275672
4.858302676792582
5.32356217402673
5.127014160331331
5.375830475598779
5.103539520678982
5.003826437561743
5.4048889764920025
5.027362862972012
5.184602184125393
5.011587395109867
5.190756174246407
5.078529827948599
4.974167520637411
5.374852187484523
5.36303374190548
5.1447015946846895
5.254200312954037
5.063419706479999
5.039211936021864
5.252085045863998
5.425865443521393
5.13077645230515
5.047532498857421
5.277631120130857
5.105818391243226
5.2618453886434855
5.3136252736915095
5.465351346060386
4.930251369154944
5.159196444525079
5.33985387460111
4.833754095863897
5.241383082604196
5.224402617984123
4.991948674296863
5.489267007595978
5.221475997463478
5.111779846079625
5.00532571132382
5.101897558404663
5.126770109299492
4.8887985301822265
5.169019487306069
5.263362242330827
5.7041861119444786
5.274751985972502
5.478757631969281
5.18228126705646
4.938757972554428
5.032943064396598
4.901910354769314
4.906226637816231
5.232605453549501
5.177623574977435
5.203242476867179
5.44416821871787
5.087773888659157
5.120688506807843
5.110731280278736
5.2324789258774445
5.278649638947704
5.268310389704104
5.14678991920055
5.450122698197751
5.598267394278114
5.202280356854959
4.9006767508978575
5.75460207999953
5.060033683954831
5.0794252442315
5.300280048179586
5.354742251275631
5.33689702890787
5.474207004945253
5.539243561369353
4.9223508692747515
5.264036909921883
5.254803913327414
5.160808402488886
4.978481057831033
5.259211382898448
5.2692735596933575
5.404453517826762
5.364711599326225
5.246963753613124
4.7257363500279395
5.069973758976225
5.199639328323519
4.8314804621225855
5.3470217690860515
4.933240045053558
4.9216756409146125
5.367668982843872
5.112959843262456
5.398521701727376
5.121171348745012
5.563382637421357
5.064036309268264
5.089750440701341
5.2236713581240055
5.418750049029989
5.202907293358079
5.089000642703042
4.986113037799535
4.883047651786819
5.351124672866046
5.059935993336885
5.109436870711993
4.95289878311076
4.983634621383061
5.550696814399872
5.1338576096314705
5.155762735367631
5.127250257201924
4.88251212738416
5.325371526108963
5.290218654771492
4.53697918237938
4.736423287598781
5.321235019250897
5.068407995394082
5.474803699680759
5.228260633868633
5.26976117964961
5.459665666969369
5.180055808169039
5.419943348743098
5.717797294926121
4.91795886723642
5.123991482206622
5.495231932806464
5.036941154126903
5.482985248340548
5.228177719184061
4.921495343419957
5.316738267199796
5.00678312350894
5.146581521509927
4.792216624337301
5.085062484244269
4.8204915805817645
5.050270348078205
5.475280844715501
4.936218369466133
4.537648594314093
5.066347510079705
5.328078794924806
5.1676598927194615
5.23367580338994
5.126352765295775
5.552600690552878
4.982348801053489
5.306247320367413
5.9366861558358295
5.344368122842442
5.588224544204957
5.086967581544676
4.959887869685288
4.7269779505309835
5.024766737388007
4.944219615157525
4.93362679892929
5.40606124924471
5.357404186768163
5.0423334056779385
5.317108552243148
5.101074967643517
5.091662448405068
5.2001407438159015
5.118760707173166
5.473413987431892
5.258383028356028
5.312330355372856
5.0777210720998465
5.319019028979995
4.849682919044535
4.234236943702347
5.234516574061378
5.441077387267149
4.9111336016023985
5.355671570137844
5.299054732773683
5.3042544103656954
5.6765905567866275
5.317943159668393
5.197273034142085
5.08469213174247
4.8463312079020335
5.362435186996091
5.151965710472199
4.495947743993708
4.8954048777109955
4.769274642268381
5.072386992641218
5.0874073789268
5.431252508756958
4.9275814841731425
5.275050298285471
4.596225144015122
5.0535252019804835
5.108025110739709
5.257371197641418
5.454495732124232
5.263582196893306
5.575715084679988
4.847589950885245
4.942839950396584
5.618228253950296
5.088693016838188
5.290530591652335
5.045550215121472
5.273368615425883
5.766364898628049
4.879203581630115
5.028537039367631
4.996817086517431
5.036680520485865
5.214969460514003
4.954194459752969
4.862536444198499
4.740315821033775
4.953594965073154
5.5873508735856525
5.514742347803388
5.061452640133925
4.830303212527116
4.849064815356423
4.8100647297695875
5.145516538375844
5.20945960859651
5.544281951220484
4.850296188702207
4.6125390111776
4.998477581423211
4.974248093135642
5.279609529950405
4.962514478367221
4.658806885105147
5.147502727031511
5.114136273419354
4.78462280057689
5.251629194039476
5.315839718369508
5.285994287704212
5.200372712922205
4.992348097466144
5.682129733964102
5.517434386068997
5.058905119336331
5.078241695833014
5.20189406643764
5.5030833779014126
4.914292666130492
5.144468275183293
4.59834929364937
5.108307297915394
4.948070290982978
5.2867237884082625
5.333515256655395
5.719270912064758
5.376194351977457
5.267963461689791
5.066880906496314
4.733095763006484
5.108995420468894
5.095582502788969
5.398628861945673
5.331198596312577
5.473302123900682
5.041490753557491
5.133680365984918
4.949202025913286
4.947023077786433
5.002138564583846
5.361607200487626
5.607635071094345
5.113015913616034
5.104859530821088
5.337161613101918
5.43593694163322
5.202090410890081
5.067683225361092
5.178419544322057
4.976128858456431
5.670797428359285
5.423895591497351
5.325996606023981
5.299569573367707
4.850697666127623
4.877675914961228
5.258417640810644
4.844805911679361
4.907282298812843
4.468405717071133
5.05858400951991
5.320106094446567
4.855252077710112
5.2255349289748025
4.7582326841350495
5.073623485016233
5.067785252151239
5.283036426133577
5.6682997651484675
5.089629045444998
5.02058924150025
4.959245992176364
5.29506157845163
5.060019854430873
5.150692204171782
5.3247173440935684
5.315504675209898
4.800801556961223
4.9402306008047185
5.374405845216058
5.235152315042222
5.145287787900032
5.2105756020498974
5.402861622201211
4.884855867981326
5.1569843842075125
5.185566899759395
5.418664833247682
5.068074752096283
4.615383030538306
5.081968443957322
4.866272907533966
5.431299628094118
4.990602875886268
5.4107718457304275
5.681493389598168
5.132409933791049
4.998490442618808
5.635928557692187
5.5778991243196545
5.324453143303447
4.83686878732567
5.406777421777237
5.288482476512362
4.989178780843419
5.020884159790579
4.960261384125355
5.278305938367595
4.943617302696209
5.055742590558358
5.447068069733258
5.256641928279191
5.349624101542256
5.241740741381313
4.793757151643454
5.265903376468376
4.942329041090901
5.303115329915435
5.2930282104104105
5.186718991603941
5.238531831656101
4.983169491301974
5.151066572846593
5.766741238190742
4.883328108606578
5.087362559283327
5.167690487271924
4.647321473958214
5.211687397666328
5.160217319180446
5.074093257614781
4.497725791671461
4.7248897056419725
5.123235748642223
5.192829494317019
5.345075624438783
5.375252501806143
5.095029700695484
4.937812062876286
5.31797641144757
5.082410316540176
5.392765519120964
4.945468836065481
5.7263562352050075
4.8513105433413175
5.122210536902138
5.267490471379152
4.964497810926995
5.133138980354404
4.731093179985794
5.520838183979198
5.022135209493682
4.8812312626744285
5.0565457492306916
5.245903070345837
5.159605822313052
5.386273906474824
4.996820963456663
4.9520588738519615
4.731005421762377
4.864966544736499
5.310013125730008
5.209486638338713
5.195267570082174
5.045522284069664
5.350474289780421
5.459666755550409
4.966040707260243
5.0637199106101125
4.909763695091517
5.3703935205157896
4.997190346168895
4.67909869634379
5.1403500017239505
5.422841402807463
5.1543814118204025
5.479586862659432
5.240541452142724
5.117387890848286
4.821441406711719
5.1952515386267315
5.5900215804097835
5.109083126198399
5.2264163984622956
5.141955957074294
5.364936352446747
4.877236178942782
5.11157091637874
5.441730578900491
5.392132399239196
5.262148894905024
5.505293679562257
5.1718785703879115
4.85772522055857
5.23837992205148
5.308248633819296
4.997381595037132
4.754058936349352
5.063623686559708
5.479482141582649
4.510052439086246
4.968495117811019
5.031237920164122
4.971329106684125
5.14707830469189
5.350959043385643
5.04882758902824
5.104603399230602
5.178467586195419
4.909457828506224
5.524703067773937
5.302389671612065
5.0172860108280215
5.162792814245088
5.028232772742302
5.072221003404734
4.893568140731277
5.041300907187796
5.301388323062335
5.239777530945708
5.264002245988475
5.116588745008065
5.1330532076324165
5.379198472671564
4.655126803608078
5.236174371469098
5.1804714294334415
4.839116976101099
5.183211227596437
5.3683982382870115
5.531965368309295
5.0896303536357435
4.755940073413852
4.702555844577596
4.738954483503672
4.996669583446332
5.425784916859777
5.338486150757616
5.123739147440691
5.148568283886382
5.276716395130043
4.523729440367333
4.9909818664976315
5.289444750017958
5.30474564264453
4.763958165114088
4.930629965717169
5.0306929576593085
4.831706536827318
5.416833712455358
5.175897312549421
5.446927648060939
5.451806858904957
4.9543938522415365
4.832509326315809
5.674300220200689
5.50214441369533
5.136773896324708
4.949457590627703
5.340265577683443
5.033240999145597
4.890559744679698
5.1331652415043285
5.302333361896321
5.526457844401904
5.174684420706161
5.438538111674945
5.183890521529096
5.158599573863732
5.296754295120052
5.147908523808514
5.197433457104206
4.804319253003261
5.158215714536053
5.185377822151278
4.910303477955841
4.993217393360277
5.30972275218896
4.712655581859779
5.19008834802638
4.731328364649798
4.988763763307157
4.7993387695038106
5.229503810859136
5.095906776577505
4.866970988148371
5.130042427918193
5.1928943168446615
5.198322707510459
5.270284448272547
5.1912277708089185
5.575415673599868
4.924220181150105
5.460721025982943
4.90166573557818
5.204553108647432
5.310801488561076
5.217865067558086
5.143538652111488
4.464116862028787
5.204515074178377
4.747220913655946
4.667380819426346
5.090255481395541
4.718027237937004
5.258226906251772
5.1759126034413026
5.35977886399037
5.403596796675373
5.572076260022875
5.1272136009835325
5.10080378430267
5.0336370066126745
5.193403934309278
5.356917380899571
4.962981529812742
5.2394763164095695
4.856723236412043
5.376820429810807
4.86085712957777
5.03042575222759
4.865907753699423
5.4148923660785
5.3839104148752925
5.709155026866
5.192048521249229
5.0759698415638
5.478629127884856
4.65879424041904
5.076708652013919
5.6280648039537144
5.123459911802282
5.128477423304713
4.999168802152949
5.389101463108643
4.936041226413578
4.703067306961442
5.43504467854266
5.025681748042997
5.291644228879682
5.233537483477903
4.459290888883594
5.013859438545241
4.360795561437076
5.5983077821660325
5.423254871566781
5.107594235907609
4.95705152770747
5.079896529784585
5.032826825758779
5.15640520455547
4.804647559422928
4.953348024909703
5.352302680331554
5.048768016543898
5.211026005425829
4.988487995017515
5.189077698188212
4.929464764625231
5.084616806232925
4.876786810569032
5.413408695408667
4.942663056485402
4.92892309244946
5.337360242352067
5.294839815774631
5.456579329567614
5.440671011051313
5.646197667073521
4.629396306501972
5.8214975624064085
5.145072740207701
5.02949796535416
5.463448038042609
5.062375799301071
5.4136356214239845
5.107524398802163
4.841892652088766
5.168498037580683
4.129415988969642
4.786377390908007
5.168347216112037
5.047919481152123
5.065266666796267
5.134453118369464
5.668365551742393
4.958430172732842
5.380890602548907
4.4137221929851425
4.71098307020418
5.1065703054622995
5.2331196024590225
5.136557130670164
5.159405630919933
5.6765041748509155
4.9514820035532185
5.311731178164201
4.945164937693238
5.142372026233674
5.2503706255208815
5.106466326551358
5.884871068515112
4.969591100044481
4.412572014260528
4.954351451631969
5.369569790717225
5.339320936204451
5.250024708055314
4.750361213726336
4.999592567241799
5.405634659982436
5.0419306902313
5.003442869358668
4.980222724747207
5.0342854617492065
5.120384015485282
5.0352283999765435
5.172306010720259
5.396590689422635
4.884208257519113
5.004469466928083
4.7084513049764345
5.045768696779114
5.319575506848803
5.0548527219116455
5.470491706202187
4.51620283874733
5.023796844730826
5.697540470395994
5.6868875286041245
5.3163790501517125
5.330581947337569
4.872504148921845
5.006307992921109
5.262701591367913
5.438728893101003
5.221869979018173
5.21586464607486
5.774645411598944
5.185890971736675
5.328390920133241
5.2804510434035254
5.034305780991462
4.905020251236218
5.187912549786386
5.805240073966204
4.754048928331771
4.4168752552271195
5.134242639300784
4.117886313209551
5.04287036503367
4.886208906586099
5.23203065409573
5.078592131549137
5.214883513927017
4.200198239674328
5.206126686752345
5.185785372172283
5.6426125633687665
5.104790441403295
5.253016986439954
4.596970099517225
5.068872017655328
4.928081077392116
4.8352233872348895
5.335694344007617
5.02262071444678
4.842395409020868
4.689654751160436
4.989996238761822
4.984103584563525
5.0025093785016015
5.080360545834666
5.140234204212492
5.289657662057196
4.93272818451124
5.495192302228872
4.943619248893806
4.958575031811392
4.5646975037883815
4.848169421703281
5.340490874796739
5.415030674873612
5.1009725750289885
5.24178618766039
5.149551400680842
5.050142617502582
4.38300048744966
5.142304653371023
5.213209134909541
5.273045973204103
5.209369117444527
5.766048175917948
5.2521923166577205
5.364895615522424
4.870460191519826
5.514996144949825
5.174679975704601
4.901548117617267
4.974988321316167
5.496630970251406
4.891102905132708
4.835297236778534
5.0624573681766645
5.287428089149243
5.419322612975657
4.722979538333327
5.665357102705659
4.86736240558712
5.132350491425032
5.449426076733919
4.35243168853401
5.268153131263319
4.6624071280283985
4.914458267664014
4.946963892939735
5.17617243302689
5.2026602032956255
5.116900552935513
5.026381242663043
5.058288091330961
5.438635639299909
5.174791635876533
5.069190233345952
5.232181395807543
4.722550861406995
5.140094851856183
4.987008927308703
5.134872800258815
5.269631702520911
5.2731557427609745
5.203737556918147
4.988205201803314
5.1747549318655235
5.139182018674999
5.23016239757715
5.0137549829907755
5.132915202987573
5.389551927850522
5.217852398330859
4.934093883758815
5.020555721333924
5.595688493966283
4.845369232030487
5.113470921353817
5.5164484828725495
5.049948178033612
5.358298765405903
4.805000399375406
4.876792725605356
5.113363686698585
4.989430681958926
5.126179783483247
4.896754584229794
5.258653939654453
4.75898167775113
4.472577891671794
5.081992660176539
5.011891580733941
4.893049983277085
5.49972370075311
4.901906024115328
5.181664118423407
4.929130053504283
4.981310535330217
5.342650502868526
5.057533446730272
5.173831743976462
5.1051880677998085
4.500979293814269
4.764867500685898
5.136698674725915
4.785625769578192
5.714353144143392
5.089451896726166
5.221351302691204
4.7772780206316865
5.286738881133587
4.872130597870319
5.692496380350523
4.5179415475043045
5.049362361534256
4.951167681430904
4.940548323732097
4.775341434354312
5.4393512460633175
5.227617993962516
5.266169972645456
5.061604212567749
4.777097575236254
4.695205789704372
5.148587237661982
5.501885083583317
5.339997869346181
5.136400674070889
5.305116938179498
5.200822125786713
5.163000884689233
5.1208959853237825
5.743253074278289
4.864088646942918
5.061855078596235
4.831790975237163
5.128636760825375
4.995188794867138
5.333810364347685
5.1898833796699355
4.915300850085579
4.724633244727718
4.958967655127459
5.557001254319516
5.273842605492044
4.9195453431325395
5.052083437289525
4.154751839873938
4.903783993615573
4.935744009065303
5.17273410329607
5.424425873543072
5.2175484802171574
5.3482133019353535
5.250754197057486
4.96824957002115
4.926125933264257
5.1608622356328375
4.944348380140361
4.950211191910415
5.2087276670384925
5.302965434559047
5.3421642367443924
4.763685152381353
5.315313598532932
5.049953330229116
4.504583732353535
5.14361048320034
5.235901482569912
5.072757843014814
4.98979913049112
5.3106875905263475
4.6457678202159105
5.272211285170024
4.933266821079808
5.276218519451583
5.55272420894617
5.230352208324859
5.274864746150027
5.039198634783704
5.177034629658936
4.9874851971528225
5.189906096654268
5.358264922270928
5.533359667167198
5.2049900573313215
5.011420313173332
5.11298634679727
4.821499518153862
4.942067151922582
5.566334241277651
4.9111168793811295
5.363861985786771
4.866463777938648
4.834488598863922
5.421951213559709
5.0089174336096365
4.766445408974161
5.011627688093801
4.739432138252693
5.134345225609289
5.260529492077999
5.045401929327962
5.2374887386457605
5.197974024241158
5.326898065575792
5.373171620052123
5.183451090018173
5.281530243899372
5.218724410867533
5.670381906605932
4.950141777630822
4.993781643816413
5.088092592325251
4.814240554862864
4.96936168863073
4.947321846748952
5.241456992788181
5.0738157836914874
5.463720552535045
4.970019106595524
4.731497019585322
4.917358407101115
5.260144385431816
5.450252768896669
4.670462995321807
4.8810772008329995
4.805545446964948
5.437486522146485
5.422881797486259
5.039459397963919
5.402934932033844
5.267302178966003
5.019387784276006
5.315455083723436
5.076371475661656
4.9877063597170626
5.3397038021928065
4.63939772683678
4.675064767160704
4.904714868508941
4.798755633265246
5.329803490542249
4.92799986465441
5.240878415373795
4.80154519976145
5.017667433283089
5.058253909682119
5.208876304504041
5.075086247723956
5.524475531770475
5.038579293686535
4.625803650591326
4.8708022570892195
5.1259794070035465
5.455395315168681
4.959208203492989
5.02743923722633
5.131466211214976
4.548538716535521
5.09547202773542
5.063087141928441
5.375504115616038
5.063136847563867
5.170212924185855
5.095721998120671
5.4661129241091855
4.95845035604961
5.523345423795393
5.029687220016269
4.975271582297859
5.296040438052159
5.067178571203831
5.013043716353029
4.38892719379834
4.978900315144056
5.3256526042381145
4.941732559942032
5.314661881599569
5.110712844416406
5.126356287960719
4.901585601970156
5.1225434503355105
4.952680949962006
5.375904275096783
4.771107468389301
5.357847624150303
4.963205807638563
4.966011112065443
5.153553883308493
5.142068804716182
5.280979054954292
4.698224561919237
5.146137157635999
4.781002525833992
4.957781581332061
4.73523105146762
4.6883590764977505
5.318384363569923
5.047068494802472
4.874878220321375
5.131910217178826
5.2688973157895
5.053446308360733
5.818636640812131
5.242881666420656
4.70544113838352
5.119323891973678
4.650343398616862
5.364437493156619
5.096136070929021
5.001214864404201
4.959073172782463
4.8865919222649845
5.363297254276554
5.057474478076609
5.225273456875704
5.20841544551816
4.963466888010902
5.023355603984313
5.443293230258225
4.650571077937769
4.992284947532003
4.766233309624715
5.197267546533109
5.276121213904816
4.836261406412664
4.439612735455078
5.160690440362286
5.314441561036814
5.09196334410349
5.311250186449655
4.8747955965089025
4.899484825386481
4.743520430831776
5.125652498376807
4.941371357911866
4.806056660049446
4.821056563919144
4.8825556925636615
5.083832278320983
5.430463093309505
5.096379212825825
