4.763532496201413
5.054712450995067
5.124977336005728
4.441162647360373
4.527593270453546
4.746444702790215
5.102243566903198
4.408827587065181
5.1819699278174935
4.824660540965997
4.796705665396141
4.73456181116207
4.013644544368386
4.701467829753521
4.721421181863048
4.464153060462353
4.981735391510703
4.50596676562612
4.697969251374085
4.636338116912378
4.080591020282597
4.652624797239911
4.699910991168276
4.344521077067421
4.047265695147467
4.477135386973165
4.86735987937811
4.551122758729849
4.3629063738057345
5.315059860819548
4.444873453118027
4.33562794509367
4.002023957238664
5.232749133805584
4.441229720823732
3.989382289792061
4.429850067769354
4.66286246569093
4.655996645480507
4.350423674730162
5.306853754538932
4.667945434430791
4.346481274367363
4.142615572619422
4.879271334297256
4.554631513591768
4.913502072114767
4.02863670845411
3.56338304716123
3.985252077927701
4.385375124113641
4.159992548201
4.510177391603361
3.848830755777301
4.064549494098845
3.8059001828988968
4.049806729869351
4.2392157325804245
4.305863534906074
4.426008999796676
3.9027964934744523
4.860855415592769
3.8729527469105474
3.6496396482138027
4.714787259324893
3.0831375819401017
3.5559284983253723
5.145887707858312
4.383471984630245
4.228653848547905
4.3576393616532165
3.9812116128098936
5.319907291649406
3.6216603156591423
3.000685044128716
4.609433348356499
3.648373595840179
3.829427503892299
4.209835906712769
4.666940740373457
3.4496785735179105
3.3146267349830807
3.5933214654936045
4.941519998436076
3.398582065350479
4.736564715444157
3.381967860461251
3.467240407405538
4.237621816055952
3.87000913652077
3.6154095424337442
3.583440374046961
3.4432678984756673
4.284181771341811
5.034961428750465
3.9006423237825776
4.386860181355453
4.577160014576579
4.15619956127108
4.613957090073466
4.199443384536292
4.614490105665031
4.423896807545483
4.646507920485135
5.231049943407817
4.933458920065842
5.26176974624284
4.752804302262096
4.937300035218928
5.232312833877153
5.112288231568765
5.060037277719233
4.809286238478228
5.109812714024266
5.0607589511969655
4.271417284987967
4.7260927271770985
4.923335744643148
4.0668745803566235
4.435743742355987
4.182367770551227
3.588403244915531
4.444300809908443
4.239027475855455
3.83731700026186
4.234583597699678
3.006274340290322
3.5375937008909055
3.2356233731154265
3.3344951699367016
3.579715847122562
3.340495685157408
3.264648334855881
3.4035767451970376
2.9164177604344954
3.51462703337897
3.7302779121548424
3.387259521889505
3.2437748033853464
2.846363550923121
3.6391727780745184
2.8812501628959115
3.34826678979488
4.155043308422516
3.6091235624179454
3.2759950214496008
2.9085427986994006
2.5537632446636533
3.0858482630001416
3.228157715960582
2.5996814643686164
3.603389317266008
2.8235374756849603
3.044753723173832
2.7019283192968433
3.4820866882476946
3.1134660909254714
