4.763532496201413
5.054712450995067
5.124977336005728
4.441162647360373
4.527593270453546
4.746444702790215
5.102243566903198
4.408827587065181
5.1819699278174935
4.824660540965997
4.796705665396141
4.73456181116207
4.013644544368386
4.701467829753521
4.721421181863048
4.464153060462353
4.981735391510703
4.50596676562612
4.697969251374085
4.636338116912378
4.080591020282597
4.652624797239911
4.699910991168276
4.344521077067421
4.047265695147467
4.477135386973165
4.86735987937811
4.551122758729849
4.3629063738057345
5.315059860819548
4.444873453118027
4.33562794509367
4.002023957238664
5.232749133805584
4.441229720823732
3.989382289792061
4.429850067769354
4.66286246569093
4.655996645480507
4.350423674730162
5.306853754538932
4.667945434430791
4.346481274367363
4.142615572619422
4.879271334297256
4.554631513591768
4.913502072114767
4.02863670845411
3.56338304716123
3.985252077927701
4.385375124113641
4.159992548201
4.510177391603361
3.848830755777301
4.064549494098845
3.8059001828988968
4.049806729869351
4.2392157325804245
4.305863534906074
4.426008999796676
3.9027964934744523
4.860855415592769
3.8729527469105474
3.6496396482138027
4.714787259324893
3.0831375819401017
3.5559284983253723
5.145887707858312
4.383471984630245
4.228653848547905
4.3576393616532165
3.9812116128098936
5.319907291649406
3.6216603156591423
3.000685044128716
4.609433348356499
3.648373595840179
3.829427503892299
4.209835906712769
4.666940740373457
3.4496785735179105
3.3146267349830807
3.5933214654936045
4.941519998436076
3.398582065350479
4.736564715444157
3.381967860461251
3.467240407405538
4.237621816055952
3.87000913652077
3.6154095424337442
3.583440374046961
3.4432678984756673
4.284181771341811
5.034961428750465
3.9006423237825776
4.386860181355453
4.577160014576579
4.15619956127108
4.613957090073466
4.199443384536292
4.614490105665031
4.423896807545483
4.646507920485135
5.231049943407817
4.933458920065842
5.26176974624284
4.752804302262096
4.937300035218928
5.232312833877153
5.112288231568765
5.060037277719233
4.809286238478228
5.109812714024266
5.0607589511969655
4.271417284987967
4.7260927271770985
4.923335744643148
4.0668745803566235
4.435743742355987
4.182367770551227
3.588403244915531
4.444300809908443
4.239027475855455
3.83731700026186
4.234583597699678
3.006274340290322
3.5375937008909055
3.2356233731154265
3.3344951699367016
3.579715847122562
3.340495685157408
3.264648334855881
3.4035767451970376
2.9164177604344954
3.51462703337897
3.7302779121548424
3.387259521889505
3.2437748033853464
2.846363550923121
3.6391727780745184
2.8812501628959115
3.34826678979488
4.155043308422516
3.6091235624179454
3.2759950214496008
2.9085427986994006
2.5537632446636533
3.0858482630001416
3.228157715960582
2.5996814643686164
3.603389317266008
2.8235374756849603
3.044753723173832
2.7019283192968433
3.4820866882476946
3.1134660909254714
3.3711622887034314
3.1266154089149896
2.685475713060799
3.770170567897851
3.1474951455913294
2.8276830040546064
2.8795639404396933
2.077287960471658
1.7313716676494442
2.783152796095136
2.8826885489379346
2.2157459306820937
2.2451073948405167
3.419373218546575
2.287132203768131
2.7784850673021215
2.9291775838962484
1.6788665492911212
2.412408685071628
2.6042351599256603
1.9082482261382712
2.530349508356787
2.371396383222243
1.809428776520819
2.4907273353228687
2.3916842113448165
2.2748328070031403
1.6860217596382465
2.6032017244383163
1.9017448833982769
1.9163311172416635
2.643755053959099
1.9263062204426658
2.781726020405291
2.2404933580037696
2.604712310490052
2.300259196785285
1.880513747189894
2.3690317315330334
2.236614720226334
1.5963227354296752
1.7744204202906562
2.0175693601526405
2.5921576092506236
2.4735131590936947
2.195492622755467
1.717708514549884
1.83774835954818
2.5456787175580566
1.8257326587906546
1.4554216494468497
3.173204078547108
1.8554334801505474
1.976447351288569
1.7846433853282149
2.0511159586452687
1.990114542391512
3.0130458479226756
2.1970999565741365
2.3222025130749793
3.320034074952013
2.435240307999447
4.679061650045513
5.112149681595273
2.990156882000233
4.892670529508473
4.7761300124293475
4.736748792376223
4.067237554525923
4.648866928968895
4.853646906462125
4.951617087532553
4.084460950832503
5.275555365791814
4.478169018111761
4.8439281599073185
4.446433648301575
4.061355080816691
3.9844911669679544
4.015455481859917
3.5557410155643514
3.4095502906406927
2.904486783208197
3.6100795582516705
2.6365270376408874
1.7530820357484813
2.3474812986484874
2.201967534513434
1.6685886831467174
2.3001751181653827
1.9429075528749946
1.8474225312974806
2.294164838874411
2.5673985696922763
2.652600382849917
1.5665160618139458
2.210796870034058
1.6580185624974337
2.3052012281096173
1.842173697985855
2.6315102800328303
1.4484711044594303
2.374119520285939
2.3908335756419135
1.9445110385340776
1.8177813569946621
2.617415971341577
1.5087616861767308
1.9187102441477821
1.800316133662629
2.0829201959616457
1.8149439913978975
1.7745359730369572
1.8351754106577123
1.5154209044841822
1.7392168437234699
1.5260706802254353
1.5232715433296249
1.4499166609081386
2.394075343899013
2.20836668685026
1.6676065179936626
1.510874464656354
1.9127388295252143
1.5445130611569604
1.9958806847256414
2.507327793487245
1.9144758941296038
2.1095657673351815
2.076019598113268
2.283072280224386
1.7842950660503507
1.5432621100320523
2.7199303358249494
1.910739233759577
2.2065352406126837
4.109360967112794
1.9663746809795593
1.928178297578247
2.210342483944314
5.277686063533841
4.433074739273625
4.641128575253897
4.757632687752575
4.053343313706373
4.8873227385670255
4.387831881129237
4.821791888898789
4.592185410543893
3.9103135863694836
4.729455729113978
4.799422249167883
3.4359736622581507
3.4230641856177257
3.8147055601875492
3.8839020592819247
3.74695845368298
3.680364789483874
2.8219278722592502
2.7270766801866717
2.754049516419907
3.0724281139884284
2.708878437737336
3.0753808818824027
2.1014572152280384
1.5604736489683984
2.17470521634224
1.5475443419899435
1.998097377045141
1.6045818013134008
1.95064149367954
2.0072059870327936
1.535178684146014
1.6638315112938025
2.4158425762464297
1.6441323376944916
2.120152201898839
1.6316804035539563
1.6541976374905512
2.575778116715415
1.6863824684296895
1.7296597071656952
2.4526551421612344
1.9620944005986556
1.7154217235874745
1.662533025865276
2.0042100592883285
2.006340103005976
1.6882560364931427
1.6892222264254497
2.228223560092581
2.22930316340406
1.9081155343843366
2.071969608702519
2.671051602415278
3.981237187641533
4.064227979886993
3.900958191058294
4.614954414242492
3.6624159075677025
4.6134589516224
4.751412530312749
4.423067640236864
4.513529705016116
4.166691924399984
4.670359304718701
4.785789788559642
4.465087196311906
4.549134007155455
5.001865375418187
4.762813633409392
4.833783715777866
4.9315165382750985
4.028383500540733
4.594005048547432
4.357502157037635
4.97993443674031
4.326075854587985
4.3053638116579664
3.73297234195551
3.1964994683649075
3.7324826518556016
3.4616023631768593
2.9463225623358444
2.9054144567920277
3.279007779821387
3.129913822046833
2.9999507381437116
3.41668905453195
2.3803786596458285
1.7595334510256
2.0809883598406484
2.069161494032468
1.4459786070748153
1.8988724269521893
1.7979030986766489
2.709028990367488
1.5930314133134635
2.377357694272338
1.9208230895468323
2.447674714051403
1.324538398104334
2.296394978372596
2.1769617566389057
1.717955186082705
1.5374878106908865
2.1196975876349664
1.700911379441372
2.5782965417074535
2.1189989013819495
2.196164940379748
1.8337752120330155
2.2268715335829716
2.0662654705904497
2.456760943400359
1.3561005928391612
2.004615701321974
1.786466506667956
1.686713774292582
1.684940018303735
2.183210004226436
2.3526531952144722
1.730280848934098
2.148780067199095
2.1489890204175737
1.8817390733275439
1.8075276294864786
1.6912089304854843
1.531801598243668
1.6826865016516224
3.0271250004962114
2.122471270285668
2.1185554575865555
1.8620012527895415
1.863055600795369
1.6308780905142957
2.2802604064855894
2.2991430635322687
1.471283846865376
2.138141633988583
2.102052067382378
2.1613592467936016
1.9588712953242862
1.5614177171414618
2.074546494651751
2.124790724274101
3.987413042368797
1.9434936792390258
1.6640905001714783
2.101301964718754
4.055229476714708
4.981054201372574
4.2311017295858955
4.32192557735738
3.691171028795284
4.0177777916054485
5.070731986662043
4.603491064675183
4.46128672395197
4.237648733464226
4.878208880229512
5.02817624516549
5.038771161312229
5.122757279864657
3.488639242137485
3.7940761384776875
3.779341978476277
4.661521980319831
4.204102921398905
3.001715552894557
2.854736298270234
3.089905448360817
3.824676856262323
2.9494653247175293
3.5262699910928506
2.5687285525113803
2.7637419647550203
2.615197017124746
2.203347512258221
2.6523066301229252
2.3293671088848553
2.8136867622691284
2.1091860925951478
2.6037999380391783
2.484635343362889
1.8094994450776545
2.547470508732892
2.0090018235363427
3.184148456169093
1.9728055559451592
2.311538348524401
1.4943580331376574
2.229929272376968
2.2969318368364076
2.408550719855001
2.4452016895028668
1.6801524865828685
2.0371747547464247
2.073896685965301
2.0477862237777313
1.690297792558398
1.562393876224733
1.6512398744866568
2.3105700421269675
1.6793244362575372
1.6918817405396354
1.6911969312927595
1.4859354720553386
1.811624188321286
2.045921501996081
1.9413352923447675
2.1910628447060345
1.5787625451116907
2.2526528646388813
1.9018278883452953
1.9067897395988815
2.0296373521851443
1.8022665435933285
1.7857993824230824
1.6092507733656825
1.678520415465263
1.691896409932236
2.8070649614874776
2.1912818793394595
2.544598879110829
1.4994387718365276
1.5937701503277046
1.6869510700753043
1.9822360075157524
2.228685064872479
1.9581671037437085
4.093567271029949
1.5926594553862534
2.149248860230148
1.8804867030160421
2.017677464363479
1.7362477453853384
2.3275632229445367
2.206000577548103
1.4689648304170593
2.477118429775621
4.615100647508805
4.134509221385885
4.01459886271733
5.160449363306186
5.03838817123529
4.454302008083951
4.099739417902374
4.694530667493398
5.36585052380915
5.172752113006699
4.817582321265767
4.82772566535941
5.194316894766259
5.018875007870359
4.87640839961472
3.6798338337338827
4.48747584465996
4.272055488092926
3.51232303366258
3.701259558571044
3.3033459950465756
2.054801065632718
3.407037827111614
2.9930438095366023
2.345767844366501
2.2544981655655376
2.678966861044389
4.097550714868027
4.527143081533532
2.3351395892322193
1.9051925991499594
2.940247698321998
1.6355096846573698
3.4514036008906737
1.8955202524748311
3.0803056007784857
1.6988078366923758
1.5705840681845347
1.6547469577841571
1.6955072210352695
2.037305917112229
1.7383729368850034
1.988374642122214
2.0259085544078967
1.8264298157372907
1.5841264908743766
2.7247350726184254
1.6652639143003163
1.491555487168772
1.7106138758189393
1.9123894765129141
2.031064004723384
2.3288323323265496
2.532732037581787
2.375932270797626
1.737425148773556
1.678394235197748
1.5925616783878631
2.429743313242899
2.408912738977366
1.7227113233437743
2.019915575556387
2.244612329461184
2.9278603393197926
1.6840101516234585
1.9265950580542024
2.4588116457982094
1.5977901254831435
2.2958515636620236
2.891282297389673
1.2863442138493892
2.5757569925438815
1.6895269523516654
2.5557262073000455
1.5633522958660229
1.9118791970992421
1.7472829130826903
1.8910220272151383
1.3742354542341173
1.7759871414186097
1.4746550185717975
1.771379657624945
2.7463161156501856
2.396601011519383
1.7085304558567815
1.95649787204121
3.3855973593762605
2.511618087335764
1.865345506907208
1.4441326381283988
1.8202691587565587
1.7438182584775732
1.9205664497654933
3.0635206142362055
2.0922188300074813
1.9822800314273068
2.0696968012438255
1.933119639389796
1.8985826793339755
1.5699511128946106
1.8905286989793793
1.596199021465618
1.9255451767465885
3.945235760507872
4.9243088400717765
3.608923959353148
1.735465797456827
1.4720248080235623
2.108495741337531
2.200498393688148
4.140939592425997
1.5277126795697138
4.952107120733733
4.476974939954276
2.1043510491856803
2.6496113425383645
4.318768772954026
2.336401248414343
2.2542384495591046
4.06233302591636
3.8442154866015747
2.304356432092225
4.1961325465603405
4.156227986417166
2.2901920785284204
2.4606994867016274
4.594792124909976
4.477359964004284
3.908559676504583
3.5860414092831063
3.594682583910338
3.2028529707759996
2.912947754388233
4.186408959382927
2.5136155965354416
1.8006702763402498
3.1421986978589334
3.0992041486496524
2.538745717294122
1.417491997718284
1.7860514204374958
1.4956053052978076
1.5214750785357418
4.245920721039502
1.7620784640844902
1.6782592716169094
1.8399795294702588
2.077555298006429
1.9046063939175923
2.0632048704137116
2.0553542113043846
2.5582618364759764
1.648477173143847
2.7746142505048805
1.9408603343509072
2.632962145030929
1.6484659609221326
2.5177979263168995
2.020111119986539
1.969629094540345
3.904653534469808
2.031441278678243
2.245765731643782
2.533384593427162
2.951184027054744
2.0106341567191612
2.104322639484829
2.157124365839511
2.2248990504538035
1.9246966635350864
1.6681709519374286
2.9270680790261068
2.081262245345239
1.9540198052892668
1.8646583596812438
1.7103337746471425
1.4907750146458214
2.214419360133509
2.208910430509792
1.9657928976488355
3.2271127646555056
1.536159464556651
2.6081796478000783
2.09651801042624
2.566342212919687
1.7083341083951362
1.8121961628987535
2.1962912178482927
1.6227008103599303
1.8321178602034058
2.143507697404979
1.7230148516688744
3.5538130486656527
2.9612424088599596
2.185136145631471
2.1171087864331946
2.2670008933067067
1.7018669213680229
1.7888170079900771
1.737702722869679
1.9198959160755353
3.462683247728994
1.8411212918494628
1.700651698606946
3.7643093122733133
1.9824568630595945
3.9464008803436434
1.9149698464795084
2.628547024591266
1.4942845651548198
4.087317969984769
2.6446669548797845
1.9029312831325271
1.9250456951002373
1.5198317406925341
1.69231947668128
1.5704260494860254
1.7811438281911547
2.0637385670162773
1.8855070672629206
2.618559783372278
1.44980648548841
3.0735199669462294
1.9586075487613666
2.017685227292175
1.5445495352742538
3.193191797738672
3.9480980501090515
2.5356573085387786
3.47671786739223
1.8300099921957707
1.7104546986329094
3.5628124937919523
3.908889326732611
2.339676342115231
1.8487054334779385
1.9518042720407034
1.6665195117787226
2.5608207486508037
4.333037587213036
1.8120011205897923
4.697374779270809
2.691048715632484
3.1204655054283643
2.671969042298712
3.671044822036619
3.227441457493693
3.240775341457612
3.7875810028591754
2.992877455481625
2.0005794839778175
2.1060859287955065
2.8623915998106066
3.323075894918345
1.797144181167014
3.6538195156064455
2.252501486866789
3.3706986946720026
1.4259544886070508
2.0520044405712987
1.9923760567435362
1.9919769322173373
1.6538874243342792
1.621484060318019
2.1952406622340743
3.6773827006273305
2.161043998146402
2.8406105361838225
1.9563426223197296
1.7662154344275962
1.9613024812605355
2.324229122636645
1.5450770623662828
2.1377332306302987
2.4338410825543364
1.9981098253464267
1.6147998396004264
1.8913262984593036
1.9416955731152934
2.917571681077783
2.115581166050606
2.6308382650772035
2.293198791923322
1.5675441860859964
3.874407559510134
1.6807801787639811
2.59925229056528
1.7630656328539174
1.657001439963102
1.496952767991226
2.1028206497208966
1.7663655173280879
3.2776972894137275
3.305311194939613
4.336242155442986
2.9957833554967865
4.707727538365063
3.0345843885727763
3.260230916215313
3.03567011281554
3.1717225569758596
2.9695893752396656
4.479894791696834
2.723531783839146
4.628033825484336
4.0992923854887735
3.1865899194185663
1.7734236368702019
2.772025159568064
1.68352572521705
2.268504431094812
1.6377436220120674
2.4647395071746168
3.7334370694656953
1.4959771595257036
1.886435148653239
2.8766604141106917
1.9761267474298256
1.7253112844462595
2.0996213946526567
1.5875132269312628
2.2842577482287933
4.5623751809773685
3.9576396458744463
3.574875212909988
1.6475026694784114
1.9056554316364422
1.6616205597476048
2.8638668393845546
1.4549905172437452
1.7636125489554992
2.20547559685426
3.3906089619925015
3.313620656001821
2.2337542027017814
1.5982550083862406
2.6006085269435766
2.102172848289273
2.3635186648501127
3.762024669798523
3.595468748553747
3.7627867999459603
5.029468025467262
3.3684718648215313
4.762140861983879
3.3465135374933457
2.8126463264974673
1.9809624059431516
3.4281641063484027
2.3115943199046103
4.12229952106794
2.7451764555797538
3.2738891750376635
1.7322862634197653
2.0287466423433185
1.9544697373057651
1.8717683899508506
2.209488509264488
3.6013841195218532
2.9114715073492254
1.8070177639840863
2.995758828859368
2.3456257312786652
2.193319926622469
2.4215852443836767
2.2662515122560145
2.894820063533924
1.4963576393298932
2.0752634769573044
2.7197129071575157
1.8773112777038787
2.3488156581569744
2.376956980757081
2.2609204687862854
2.042307374032243
1.9870373822287988
1.7362829555571673
1.9412080455489238
1.9918450185069718
1.6391528615040074
2.0693902712793566
1.7205588967767758
1.584823749690829
2.7847546377402446
2.2941466967913415
3.5560581492884653
1.6721803266072375
2.1146481229471643
3.7946321873534257
1.7082769259851374
1.898002895811952
1.352368840549942
1.9419801203132836
1.7721585652806378
1.7240996491264233
2.0876619152437885
1.9768823442426948
2.610142630912407
2.545072024454896
1.765042211537421
1.8690779367642287
3.6435142728875136
1.8570400699545622
1.8213388871662763
2.384734320185071
2.054786475830157
1.8674247906954462
2.2289977337403495
1.950977231483058
2.0284262591433766
2.955394103819028
1.8289904700495714
2.523199709874007
2.12776397224836
1.7166874502075027
1.9488783187970695
3.156930348972969
1.564481904539526
2.0534330140036867
2.041743643049064
1.7128139583653947
1.6274510982780195
2.9706317791602017
1.9296049492328193
4.233329414704827
3.5417917299091504
1.7668131741815836
2.6039371768841963
2.0224861093865414
1.6455615904103107
2.963534795023525
1.8032222692554363
1.5806487317900446
2.013277377811687
2.2304009980691224
2.227846892551496
1.6819301043686943
1.5757104509562474
2.0887511335909723
1.5377872394251193
1.7755803577715485
1.8424935730771306
2.333771844192024
2.075635578137744
2.764743113957408
2.2019432593809167
2.0857686400536286
2.0009257847771145
3.101559126973216
1.8122427606859117
1.5535276753928808
1.9976518846028148
1.5922307513295795
1.6231150839295345
2.175751751648416
2.130200221667932
2.895623144868702
2.288594173350367
2.585439976654869
3.0937117963662084
1.562777208188279
1.4547062925433851
1.4900789772844816
1.3367614881820247
