507.6733814171014
549.8475114161241
488.16686023631473
518.601653883367
505.9047645509259
479.1290631835592
482.88389155526755
430.9658623741557
547.1477908625794
482.30267580333356
496.0652457926556
506.5228397730298
492.53865702870456
461.47683010409264
526.2324490417034
520.6524131983454
511.2863951788566
500.15854983330195
520.349018989713
533.3359730693884
530.1497447572057
497.0756542989596
506.3813184331395
504.35000888030265
530.2967031483109
490.0775803376579
487.6564742039042
491.7702557487048
531.2584026358434
504.05559959806624
492.803140589614
498.812215925502
523.098057876586
494.505820983715
469.89391160531045
494.1837109376466
526.1356169009808
527.6037123966897
494.2839656192973
561.7552727590347
556.5414820365868
493.68477381558597
487.5233024162308
493.5442756744881
518.6690433503892
511.9881584334545
524.4442474177523
526.4168843639657
487.272674460022
526.9079592069739
527.1869042618303
516.92559391967
537.3019383857394
469.57705652116925
460.9431038363098
516.1024892099605
513.3124972638282
490.4736764825394
461.2964380869931
535.0998999864973
537.1034506590412
507.96374494559086
489.8684158372092
519.3403576772877
541.3821701236413
541.7625351118126
540.5270529782949
531.9762446116114
485.0987359851731
548.3897254687258
524.0284514520984
503.4899573349451
511.7865860878717
528.6927892011302
483.40396376386855
538.1966552627314
495.78490004984917
531.5978943840292
506.1572348547601
506.4201305598767
487.88032545852604
504.3604036188284
478.93373908682946
504.4975890647727
487.15706661414566
510.3045953144617
519.6805191742893
493.34553473376724
476.83533776713216
508.1012494088549
497.23148459864404
525.4238235401824
502.1427398682872
516.7432710526541
558.3172721551214
537.7534580710625
537.3220464535137
487.80712831890105
504.31861805296273
539.7982111801239
495.43060348730626
524.2601127181711
530.0038261910533
472.6085135310067
531.0292164588902
554.5264185440341
523.0977167371805
522.5373993057706
487.64853071248666
559.6763893878324
514.6542414228824
521.4271613571605
501.71574449680037
566.898333948444
543.1735433852518
496.69151534545097
573.5970634267906
496.969166900825
551.8258855583904
565.0186181139188
545.9165220498585
539.01810733419
532.2359353657303
541.7834208723367
542.2583999010901
499.5882916362454
508.2594303470113
520.8743055585135
566.7991829774697
517.1041871083836
464.8230847836489
505.0267570486432
546.9251705827027
504.2750564767413
521.9231547040478
566.9661941204171
534.5770339656333
532.4985282394721
532.467773326949
508.0318997871799
527.5205467297932
547.3584923312181
520.9311121012505
491.69919109455344
475.1090409896971
513.4609659181752
561.6144093578021
577.0792617249998
506.23371726703857
540.7461638487277
557.333560928526
545.3829199774509
498.61496208505775
529.400090704785
547.5898938746468
505.0275481895672
561.4489821878209
512.1201906916806
503.7093347359345
575.3703185931568
527.7950599667289
552.6664003935599
523.8607778274508
507.8328374980491
556.7608823650583
536.1055079566438
525.0482139923323
541.8485483292545
559.1057130196376
538.3676036808321
502.71030174985265
489.1763468922699
535.5385742352261
503.48010512779115
512.3591652220246
542.1392539126056
510.4768868590882
518.1154562975888
481.9065876434712
526.1758875507004
574.2398599353671
563.4717056181549
513.559565360478
507.37738060619625
543.4785353781587
547.639616632582
516.9726977062091
557.4153020147228
521.6230207001944
493.46246598376825
535.3396827028783
566.6434020753845
525.7649773756315
528.6745467594072
544.9638728621109
537.4564196646417
511.0560885699026
493.0692496529604
529.3607809056987
530.7412041521071
536.7613534358994
532.6169775829907
481.7428831395257
550.5191101018487
563.3494383413307
527.4481538769759
546.9994173660224
588.4448604346793
502.7691869053512
497.05656908478954
524.5009213406424
520.2124010756543
537.9331606918319
465.68093462579014
505.71295008588265
541.098108908968
526.6475977184333
537.2444702483043
505.7656728213879
531.0464586757886
545.0159442008342
536.1539890237351
561.6621793452493
542.8917375078207
539.4489909833562
505.13118867017613
494.69304551176015
461.17264133619057
564.5999892804061
507.0404335356836
456.8420044888847
556.87210948222
470.52954928295185
545.6244427821509
524.0098175733078
539.5792540736832
508.5768407999373
491.6233452770732
537.2814796142475
537.4804286817044
557.3065813799509
506.46514847056375
503.4508609109022
545.0700957246576
524.9641951393982
563.1005700653507
503.59516001482365
545.2389852664496
516.6041511581989
542.0575356066175
527.015437585892
579.4150006733151
522.1624431658657
520.1502534136847
573.7165016851543
534.3251571978673
520.0479429494271
507.3644262961112
555.3615825439402
524.2913632696249
548.1520682798824
441.2361485361643
546.108015778326
503.87716285417207
540.4356683505417
506.78079369375644
541.758878631833
543.2968635898307
524.6709696734256
547.8885588342845
472.9242421734928
593.3071594882198
481.37545701160957
512.5635653210857
521.5283527423035
515.0613941262052
541.1223568529123
524.4727202851489
559.7676272198447
505.66219845679706
515.5853659298053
472.4221685594887
553.6625029787274
539.831906196808
471.4337733619166
522.9707402866667
559.6013671567055
494.9150463783376
528.6705661871723
490.3746885571788
580.1077055873329
547.1578229759921
481.25646748982945
542.3640544433049
565.0613960231304
602.4329284608344
515.9126808282779
565.729162144483
557.818737126046
576.9307878696311
587.3512955642043
526.8137103273151
472.0821402043615
554.4503015243354
535.2622004609569
539.2232880048168
558.3046631507478
563.3336260688116
528.0069503746497
551.6322618283262
569.8719619252265
556.8952647924318
583.789129625794
494.44022493130547
528.7083391265625
573.2091776758014
531.054340651675
531.8521020351802
532.2093897342726
548.152989063266
507.02703131062793
558.6857542399723
485.6101632697524
553.6299710638699
556.1817116844827
552.2210771337019
536.1193510453103
596.4492594908174
603.4736096028169
566.3524949914525
568.0828137134682
557.6665191652256
559.9936009595491
548.5449391037195
577.8385414401857
542.0444075689993
568.6957705420161
547.8637479554641
553.9058136214052
592.7704686179678
579.2574849042229
552.3149576765964
569.315101421747
544.1433453802291
555.0312712865631
589.3960783264083
599.2714963545461
574.271974053173
552.3064374620715
577.7485062921563
579.8296135785808
603.7220175745301
546.6079545176719
570.6729404220674
548.891540175485
509.01244254475455
560.2302885393126
606.6622376052362
592.5164751871262
585.8854429490202
489.198250489138
562.7273174606675
545.6166937840391
514.3274946126284
605.4007820248335
521.5397735041577
559.9959462137604
598.3520102293085
511.0624109527537
538.0018681592234
607.7465983812067
506.6312706963257
573.5528314205208
546.5714398108228
591.1607063952885
566.1569952010324
565.1657242946029
599.8260237709296
583.7612860163965
562.1381630000794
566.1385407203056
517.0214869777592
564.8513354411788
534.8478278103898
613.8151148287761
600.3126461306748
600.5390313160774
562.7611592118037
571.9872883867621
572.7806248306347
539.1719246511216
594.754623220397
524.9923469397175
497.2165295578699
559.4512415158787
571.1119419281573
516.1771728092059
496.851020844267
609.1971776363112
598.3106937889612
559.1811303390555
546.1993215763329
553.7029180016317
602.7859354618616
598.2204150446026
589.426371489226
498.14398024014025
586.9814204961821
572.5993252675631
534.5898084120886
560.1898657749172
596.9955609380362
601.6602471983953
432.0010337258197
519.4665639651913
564.0373814191599
487.55205811057806
558.9126137689884
492.88339409289887
598.2133686509928
557.197872987917
541.4269589674196
568.7974697268834
483.96091950154494
573.0418169230909
566.5355528125582
563.0953767133191
553.8923505767931
610.2558010646114
595.8194785672905
528.6745562971887
513.6670161195416
496.4116620699581
537.8644163872951
515.8127466803227
484.903981240117
523.8015201089355
599.9575889840179
578.5928374730883
572.3481394182085
612.9495872206336
605.0834460592948
589.8039736510368
470.2375898084996
362.5917483251499
606.8747792066256
608.759704982263
527.545903992954
592.0378283783618
571.4052778695963
530.4119378885625
608.4341796164404
597.2673433030923
603.0566361121271
558.0282634978245
603.1504051203236
553.9864485042982
588.585436357238
607.4448632113327
592.2086603350131
599.8349764968004
545.7547850026714
558.3608062135157
602.4968141342468
551.4943558202297
610.4956048274298
600.7265922618097
591.0616845877066
548.1144451631338
609.796694311915
613.9070693410783
610.2876441737778
593.2359650045266
597.4894191222998
617.0047050013479
609.5355704056262
625.7741916051456
599.8573515232313
597.9156645999839
593.8916542230668
608.6394599843525
618.6327467583956
568.9579202080026
457.7895548288649
612.8329500548532
599.4741655634854
608.8181109591758
617.3039921252954
609.5466881994037
617.9245376346294
588.9679767542932
576.1515028093827
552.7464651476414
584.4972380100232
617.5375872469366
585.746275394955
611.399720264806
546.3310287390028
607.1819024021449
616.4851125475375
547.7841121734212
603.2190284535372
566.3936193069414
560.1755088325589
611.4467782620518
570.825253423738
612.7259047599839
512.5351222380701
496.10807803635817
606.4430164625306
603.0983666661454
605.4756853051431
615.4883244012042
465.60443257512884
563.1452322546154
543.2295287949423
607.212653974169
598.9109048594132
610.4140274545539
611.3263533623941
600.2050375959614
505.48618192052766
576.8049875402766
609.0832535465609
600.0359768759216
609.2406849887566
546.0519047614425
613.0013964729076
580.7980268961851
548.7517733494275
535.4959963759401
518.8073901777443
523.4463369280606
539.9466387905534
597.0268744271115
604.3244081584411
535.562107765228
538.7637041199242
605.1937309056378
604.5317881767479
541.0477114598442
563.8364447301242
547.4587177719046
602.6649256155896
482.3230829645048
606.8322023974049
611.7033488786864
602.8778045135238
611.3120560902529
604.944018595872
600.0955480284312
510.9262578956203
542.7244251216933
611.8474940497816
596.572289423183
583.9901701051772
581.4957316208827
611.3208538594877
608.8083667694201
596.7246752156321
601.5066837040104
612.9506161044515
568.5748391567846
618.0874138740979
433.12255771998656
567.7878532618024
540.3840323844153
615.4915591088759
614.7010595481943
595.1125683880728
616.8096443444488
527.4726090975902
578.6728446590854
570.0049702203327
605.268813985015
547.4747833996001
619.2583817274368
556.809682026493
525.6164191801944
606.0586505057314
557.0648771395408
563.0444254876116
585.6453041020427
527.2143311412207
516.3538647616147
574.4558350108767
556.7151403011395
509.69317433537606
547.7070222769432
603.7969327759678
566.2099829617501
598.2256126653801
517.224191284538
595.3512882845171
622.7008919220943
554.7125825756176
598.7132071371929
571.0645112356251
572.8587443088549
588.4223286529696
554.6459528162702
579.3461187957427
566.2409400720842
628.9095712223959
595.9346540958259
609.0966223937396
542.8841444332375
572.7516537051044
602.4128434701025
500.9327383473591
553.8871825148296
610.2640769564492
614.353037307553
590.8736251918102
604.6556323761491
595.9729261257854
607.8405504264315
607.5802510652778
570.5430065327155
602.8466907046466
609.3099364552971
609.2845658262111
582.6605151439554
629.1358994895153
639.4187649540611
579.134239924871
559.0143310299242
606.475748433413
597.8531775294199
638.0903751104761
604.3977481420341
610.1189505630265
628.9185057770852
586.2090225672323
553.3912075548388
600.7698270690386
569.0225046967676
603.2012936705369
602.5016338088917
589.5940397829249
608.9998234216073
616.5665061899992
614.5235425430269
565.3866967574564
563.5148229349104
542.4447532435192
615.6411982548686
521.6784764367694
630.7164036358332
593.0581085964732
630.1723375092433
625.2844664152011
525.7658083262415
598.6547392160674
559.1191054821569
523.2835377676508
618.6125522425026
558.1828568416648
606.499632184076
612.1952770224647
602.2781759344363
601.2794645601306
600.2513966348315
620.0953954066434
551.316922526661
608.4879467905683
554.8775896395478
547.7664646285623
613.8228597701394
554.3130037047897
619.6461254066223
618.3899118061008
547.7034013623879
591.314647392549
592.2124372851479
527.4885815785494
618.5477217013353
619.2130302994907
615.5661251019739
517.7896777452057
575.2480524987401
622.30400284936
537.0905278256491
635.6897700731843
602.8785701487423
595.0866163834897
612.7247512967821
615.3483123115626
595.6372942151166
622.8795148182603
625.6092285265657
628.7765736227092
624.1576564874572
595.8131946185665
610.5496096991566
580.4427210408215
542.9397761174308
627.8415729147459
598.7366178677099
596.3044926548174
607.4835849808925
557.5292066121024
555.126374687527
501.23964571004547
644.1030050827392
529.9816264304785
571.8276038168516
624.8925717256445
615.8123310122278
587.4880966884238
596.0895939090168
534.3331726659208
615.1191195269458
593.4723676310183
628.7834111793156
615.3734468281546
646.2128734942972
627.5323367917733
576.1906697681011
648.9653949363981
588.2529642661116
618.7189371515199
597.097383657036
554.0500746318131
638.3646487611877
513.0491940037934
637.0229007450297
631.9757741213259
606.2670642708177
597.289971431265
611.576651751273
631.6927296629018
583.8524301045177
617.8870211453172
636.1670862105589
542.1841487375177
626.8952450805947
623.2634237217122
629.4672126076051
625.5434069464601
628.1499522902014
616.6669017783894
552.4041369555079
618.5193361025664
528.3312345342034
582.1656727526546
607.3467535814187
633.5708669131293
624.8195227675319
586.4284760039379
619.2512629437837
623.5020223553284
582.6391718696635
630.9098490143949
548.4501123497344
637.3154358176587
610.5869898511422
634.7825643895778
629.2967351739735
568.5183593728136
586.6004063554541
525.1505289240584
612.6479389673542
587.9359585733284
625.524759414622
604.2797622310175
573.5769242376538
563.9629200465511
631.6259168551238
567.7464476883018
623.560994307148
633.8526249572893
621.8361340957093
613.5406742652524
573.9182772990358
604.8290714017114
622.8624099486449
550.2861619549064
599.7913327992903
628.2580009115363
597.6224680997138
626.7352545841809
622.6895111778723
644.9931418354748
564.4595093501728
630.6003416493949
563.7386514149808
632.4853829437317
585.9898676284998
591.767775997156
599.741564851054
584.6939324914401
636.8185095668641
468.66334223828693
636.5831866605707
624.6224042155882
574.2452745651105
613.708001726981
534.9025393109198
609.559629274937
533.3301644914533
611.9489640157095
602.878996044628
622.0091122064606
633.8894453385278
607.1775673666776
620.3772530154814
597.4810026390071
568.0574257497706
629.1877877634363
618.4414759315597
633.3584571876258
615.8145554992581
621.8912588283612
504.28601246594
618.1966296142613
619.7160584708638
605.3005174980448
599.3011110190607
610.1522249357307
584.3306960505208
609.1284830124338
609.4669526002851
556.2607498037428
459.87304005138213
596.3078956128429
599.3750631325735
609.3584557111167
632.7722971069369
611.3207895372577
652.7012282045266
623.7895952880218
581.8341218012883
587.2786431975861
525.1650043763048
559.0538115685079
580.5325670407092
585.4917610373864
547.4051601496399
579.6548886847629
596.5564484078636
630.1666131582573
620.4121282859418
559.4797853230737
551.7808533837282
516.7416357142325
539.8439494430731
622.4916827143193
610.8411694754099
595.7617522506418
563.9092341705972
595.1687376540573
568.8919800608113
617.8935738778902
588.8165835860469
576.7707458277683
549.2314692976455
613.2003302464668
540.6850084163227
521.5862318185012
531.6063777518514
620.8478990822631
610.1741892164943
625.8788997376702
605.3539565386593
559.9400705706702
580.311876262171
588.544836769065
610.2375161402884
582.5252996016197
626.8743246060712
574.0907356984814
601.8254246836956
560.9075700499374
604.1595179561037
618.8338607729119
598.5788562609296
495.57524116730553
620.5428271558345
615.5365898753766
546.677014494992
637.3352676062402
624.8015369855577
567.915261492817
634.9366920621619
596.9519091201057
607.4082335497011
537.4980374150606
602.7803392310063
603.7100996780266
541.8204122637345
581.5931958618412
577.6769840561285
629.0731301720193
595.6324031646215
615.4378105886412
598.8357252692552
611.9592463674339
576.8444625773081
534.7921978698693
612.1080226026417
562.9356231005913
587.425608528442
602.0431967110684
607.5705340992906
560.6157905473756
614.9816067665842
551.1961206121355
526.2665086884995
604.4720714014427
624.9099574736446
561.3366135412181
602.6955693481318
606.9820353687834
592.9652472513508
601.8248073395926
589.2160768718405
585.3484192245152
618.7549805299376
610.9642247508408
580.6767825161496
471.56860393437586
619.2838518794712
613.7433572677902
597.0870841937201
581.4421382048529
615.2269183189873
574.4353230685019
559.3745829981501
599.0475806266195
593.7571006126208
571.371008358711
586.0664575541359
498.7187999818735
585.5007433156496
607.7072543640878
617.5939334531115
552.8397317810687
613.783834995328
586.007311737909
621.2249404569948
583.5985202927668
487.06571421011574
572.9079301794318
581.2111413599093
589.0593906453598
606.6000939109176
581.6765827078577
552.168887358386
579.3310822472904
560.5207042229981
603.6763989431226
549.1854030431466
566.3160459727574
508.6022481145496
630.3994246714818
590.2761133521627
597.6743435933321
529.4343758939
604.493921637504
569.0321808405049
587.9614218009068
553.7081702996848
490.65400993999725
629.6842633265762
550.1930851761358
580.183544221375
589.4306580288925
612.7891001599438
585.7018336551932
540.178974622447
574.5260736468454
578.4185913961982
609.860375394234
550.3414694266469
584.7287820036563
618.3120704335305
582.2110555124818
594.5626168336191
549.471267017124
612.188625894315
601.2065087540694
603.3798018999357
535.7727095266264
572.7056207237345
547.220742641717
605.7880139960623
609.6177852239315
629.8990773994303
559.097906685038
619.4942692716576
559.9445287055208
519.2026047808057
569.8073369247286
600.5652813544882
557.505539679048
534.942950971985
576.046400979272
542.6625060627105
572.54195869678
489.1521284860958
638.2640903339147
572.0199033320436
589.2985412807025
659.5507028601616
619.42750923759
611.9174403243585
626.249168932749
613.112542344965
609.7744979574687
614.4084083231945
616.7484524994819
623.0402701910714
536.8140901686687
597.521507669867
603.0859102287421
597.6516681175452
547.0790229816613
497.64387034620734
469.4949158488631
608.2777581472255
609.052187305006
609.7627632590309
595.352904330842
567.0027788342506
635.2077890348637
627.0239200491066
548.3353400280146
558.6160974316007
595.1927776527965
608.9268861968882
597.2651855682363
606.0691076945708
618.7901085575188
511.8087602900913
571.9615245395356
603.123992979116
650.5283406510858
608.885758572455
618.707437979688
620.8148384690077
613.0515011430053
609.0455562382042
607.7209370130383
610.6408238840496
627.6415673958949
615.0459222757547
636.2151810190536
591.1627769896668
630.405285738101
629.5703004479828
611.7236848845179
592.1215923899733
632.1115002715302
644.1069332807583
598.7412509531609
593.8610136744686
556.9973819279606
610.568562265982
611.8615231063357
616.7062967351742
638.4967137938581
663.0584536310772
543.6977433543943
607.7228600459159
604.227234710807
584.415700407218
479.99636282461165
592.5414145536005
553.8514424844293
581.4840307911
577.1394717362173
490.15106977372005
567.2208914415083
617.4762225317296
599.1471265327567
577.4612882765194
619.9216807894392
593.1767761730263
601.726294561346
612.7131439305134
588.2940403384771
610.2635402945693
548.9418194981981
629.4935080096759
608.5090471074375
608.5993876533815
616.6057873992945
610.3403243300678
594.1511140274549
609.7195944396991
589.3723268519469
618.1555136758801
618.2031305456557
616.9187188178257
612.4414175228383
625.3425920273277
556.6689954139748
596.4138860559528
605.6937184500903
548.8155747197874
605.7799124076114
512.8703894638468
596.8398483162339
623.1589187583467
617.9062053757187
605.6823964661421
610.5627807252719
617.614320141399
632.3158222975164
618.216575626001
637.1111163708555
592.7544990387195
638.4176769917858
624.9536793774226
605.9209653174868
571.6786551588023
628.8469038840016
609.9688905505957
479.2281823526416
629.1913724828121
585.346868408561
630.3733737862676
618.8300063106379
572.399273019941
612.7974422028828
590.4165951172064
596.6343561378487
596.115984425302
564.6907403904692
572.6709301998495
588.6613577805098
669.4632511841455
626.0931503021042
620.9513251875028
633.3333584125966
657.7707875965704
604.0473558736911
586.6186928686916
642.2644492989552
605.1739672782638
503.56297290868025
599.0973479199859
577.6383185570642
595.322136240602
553.1427842751975
640.2509858880364
580.9131751392954
611.8604403646724
600.6955767544905
631.625236336834
585.3179549660252
623.1983342670823
627.0173345852895
604.6285041648001
637.1569820476699
590.8858811339967
607.4063531873471
602.4549709089401
623.5212935457326
563.6555204326951
637.2015581492221
566.0226010009102
552.6908741817367
596.7247159912523
557.7816592923272
613.2696109319504
538.2567023744745
667.6448229266742
606.7678118627391
549.7186341945163
559.2365630918281
566.4811385331211
600.5858816038946
596.0842098867245
617.9507300074673
595.5160110667664
580.0062382965505
576.1712784099368
651.888507856147
492.65087043116785
607.3685513042135
594.2884049583876
627.9243308691296
610.4657648489328
538.570816462925
509.33991619986443
606.6246804903791
573.0347949901923
648.2285863410522
631.0579763791874
619.3740054685097
579.4707185805311
539.1379342537459
642.9429515808423
559.3720069837257
666.3500728228896
575.4015319280521
578.0283822532493
570.3406634386788
649.5673396547053
638.6655981525273
604.3004595055344
572.1844339504042
644.9421942888056
612.0093680158618
618.0801138833613
608.4069314507623
621.638732091722
620.0130233803351
581.736257915958
596.2751485241376
593.0309769144388
564.3393668583858
607.4705124291005
548.0740235553699
668.1112041290497
642.8230109356127
631.532526185323
549.4304343498343
642.8055468240276
556.7791807597289
581.9334415671908
680.815883395244
651.7797320920241
501.5174922129712
529.0123464556824
623.2208445947708
554.9294700941222
663.3530450730315
579.4002807169458
610.024143654697
625.5304305163438
617.3959881910679
679.8693120700163
654.4458868362644
576.8309294828891
555.3909668104395
594.4496168880448
621.4943655498607
589.4084550637242
654.697790805618
611.3677037686713
656.4511564705298
565.1842736817408
683.9414615697453
589.4536779821276
675.3019216769414
667.5195737653672
633.0438381823639
601.8105060487746
673.6308763301852
676.605491347012
691.8882752199456
567.8468413695282
651.0038021607744
698.1557138586319
634.4491421494953
660.4142982748824
559.4080476632911
613.0573157341436
573.50252618834
614.630780841099
613.985903638084
585.9926824029617
628.0021869630402
490.76697364935956
636.3152103395583
658.0588993398866
495.24787410388666
674.5242889162939
555.8893865093012
595.6155501630503
673.9471089649669
528.2067094608003
567.9912229078225
598.5335970574948
631.410233128464
618.6847588963059
665.1215337751123
550.5904761152582
599.2230934302763
653.7601152268601
622.6094541263473
535.641049906064
644.6856235853793
558.8698085209832
605.8908737826378
625.9166686873693
617.6595119790122
536.1867650333414
600.0389227434766
594.31830402962
552.0048741412359
630.3191374875486
651.4796513964312
653.918593485365
669.2290121863678
575.6842216003656
627.5892609416308
605.4177357279173
618.9983987432798
553.9179828926787
607.8583589633096
462.4956329828879
582.0301618994373
598.9052095718503
494.61715434277187
639.0339315780004
621.7247731843185
595.6809040746004
578.3793328652621
584.2061975231136
617.926664742801
544.8637323117863
633.9277183733461
630.614286978333
552.3698471159876
625.0091751782059
604.7569220782233
621.5525177592903
624.9880933411561
543.1406030981728
484.9625943619521
605.4146730233734
593.8424137523084
565.4411123764503
612.3133156487555
579.674377298343
616.7491640377409
630.5674308221211
477.43518226020365
616.4176094096197
625.8299625973275
543.1551780557827
594.7054616314427
557.4204111849688
588.2242760833979
557.366573037054
625.0276405073646
530.3560556087905
610.1359235484399
535.6538591381083
523.3150355232472
549.0162741853711
637.6630490050203
572.0040765699009
521.8127168473598
550.6833247458986
641.8903498066761
588.4989773331862
604.1882244607135
649.5152945357441
485.4897552376434
603.0651526289198
556.3743358932524
584.7864457275859
571.8778698729967
570.8197523236378
483.3474668903553
603.4978971755265
545.9064584771614
572.0693675037872
429.57821601462985
497.9834948640663
617.9764486957063
510.7996411677618
606.9347476772127
571.0525343635866
593.9354601778502
