4.720842633749492
4.757977846574534
4.890527016265251
5.117755424202522
4.812309198238169
4.807038993883551
4.506584051378231
5.032723206797301
4.949759608136988
5.020869342116378
4.4172447359536084
4.569736206459528
4.447596639861717
5.22693433125969
4.592202786972168
4.553568096419992
4.765338408130791
4.724085649287614
5.035629458094592
5.01063966689972
4.9952644450538095
5.189185876647067
4.362139902398465
4.959000463111848
4.877927426687804
4.442634242730859
4.91930403723585
4.802070438983288
4.862428980582412
4.835003204621741
4.913414667725727
4.57199848737961
5.260088691638539
5.076840995927623
4.47531423938196
5.037617229557328
4.8550007130279305
4.611309229413925
5.199958560820892
4.9460402446854985
4.981769351334247
4.667836420587917
4.735264774166676
5.0223300030993085
4.6011215256712275
5.042422301740046
5.190638425593984
4.828679205658216
4.322331437930024
4.7022338298857544
4.412735532478639
5.200882043953372
4.8179727653605475
5.057236544953194
4.5067752254779245
4.957684778755747
4.909860659804503
5.0256500186504525
4.334690093606374
4.871091642193462
5.156017004133589
4.677711455671213
5.009432797534958
5.1467092149396745
4.789919552854301
5.074952745278025
5.02109022421068
4.5514672953086155
4.744442187455516
5.101333439538003
4.973601850318681
4.671968976449194
4.7264767232033105
4.998542326137775
4.812777408594036
4.767895728583508
4.727588875467977
4.878739260689885
4.947737226270489
4.637209281854164
4.953452427659709
5.185906556334131
4.916710379584552
5.030237031970013
4.8566958803441125
4.456334124626979
4.974959987554528
4.9075348021440615
5.102431175646952
4.5791693076088515
4.718055530676005
5.25845283505144
4.3815405866767145
5.013137977703126
4.834059916010743
4.9384489932323
4.913884051594127
4.957995859805741
4.691618752481559
5.055267263386685
4.817912538474915
4.850638551797161
4.9428563587870045
4.6658066691981475
5.242800191097721
5.1227966361773865
4.3749450147535205
5.049975890478907
5.290601108533722
4.746250237455945
4.4633510650335415
5.018185713960897
4.613982027271392
5.030988451731724
4.976626628912554
4.9622235910394785
5.156057975294683
4.671808914843746
4.945677766042481
5.005932116535019
4.507026294774423
4.9046622027128075
5.16496819264302
5.278940761037368
5.174204006651167
5.111880897738897
4.744011342355422
5.196657504463616
5.178854477708291
4.921271822270346
4.692768617725808
5.323553772729825
5.128576611451611
5.413471249166498
4.977695961678812
4.979067178989086
5.073063534220484
4.902780714940138
5.0550117946030735
5.1193252742259965
4.72949734378965
4.798912297235685
4.966106757698828
4.956109710792709
5.034226232151741
5.286111538713699
4.7419657375619195
5.136943865044233
5.01301403112884
5.317409670609176
5.419345254769486
5.229443356118971
5.247308382012727
4.929803123123188
4.914267641062352
4.553260992659774
5.092459534083653
4.898514124139558
5.116658399046564
4.549883374846972
5.219199463001808
4.899777045008218
4.92086694114781
4.533791115896705
4.883758034771979
4.555576614838971
5.252043048579164
5.277738600261506
4.6864769752378255
4.866491452829271
4.741173196847356
4.793447999624238
4.447870570904774
4.239461599126407
4.809208317815682
5.1449403870299095
4.659159522050777
5.08901102635619
4.575180783216607
5.5905684540719855
4.792838479626647
5.13085154360485
4.944943410790892
5.144932902792254
5.13306947757061
4.77771315965297
4.892605334302629
5.222128250931528
5.000825983855679
5.236772750938443
5.043765412919117
5.027502347086079
4.252818139966308
4.786752194392397
4.666668644139419
4.460828823676438
5.470954544954999
4.903852121989395
5.462408278930026
5.332454722821554
5.170607185534912
5.284247032450054
5.324647977502635
4.9340474935081895
4.834362855481809
4.711992621629682
5.0206944206000355
4.926764697528345
4.711174102924319
5.419428973819252
5.379787172806301
4.923942248435722
5.083418126310314
4.586788941316984
4.953317646042368
4.826623278905806
4.807850073659757
4.5544002431555
5.452363567335129
5.02541994300536
5.61911351973513
5.442648502628567
5.1326791654998
5.174093181940152
4.362226862454867
5.026500670351214
5.684908183241525
5.351279410469948
5.437827791362055
4.822151169127737
5.092434238814347
4.940016292028305
5.728044908085057
5.018758566931232
5.7230359190505675
5.338077785012078
5.419689376367724
5.25870393728767
5.403431851347494
4.909973160980212
5.15552383582488
5.256507553823091
5.847170080110578
4.768401973690059
4.8102421256511665
5.4782497435876545
5.446109636995783
5.2904083324023095
4.90536389828385
4.6577405960940785
4.9574494470772725
5.690712284121219
5.449609242314443
4.850587037733535
4.973201312355564
4.807147192901561
4.816497889120271
5.393556533320055
5.2847197322002835
4.941953921306825
5.724703119380286
5.367894591170236
5.3498315868818045
4.787576458616301
5.5751970348560205
4.654180463456289
5.160604248093417
5.691674055512461
5.1222178490471615
5.107628490348527
5.654393319718916
4.518263780968969
4.8942454459075115
5.118974093088464
5.177697687130416
5.455039156377781
4.790739711959574
5.213631681194655
4.601205378432081
5.519128926794659
5.3625469839646875
5.58008007615741
4.7673004450469945
4.713476338091545
5.433325466307176
5.102147275844306
5.444424248444187
5.064063351401298
5.603374380997822
4.924849619213832
4.685191526369286
4.721304630562227
4.931148202716087
5.908041007275019
5.487520990988223
4.96541487520688
5.494633925415497
5.65397911362553
4.7678453913044
5.539015151880319
5.197749329752484
5.833245895657759
5.26345785353528
5.29140214765648
4.727422588051738
4.6767561933615145
4.684985289278732
5.030737790498355
4.568322923674469
5.838945144801799
5.320059473923693
5.028081394220873
4.886742522478796
5.714868822905012
5.331874618132414
5.144597351052457
5.226314668117539
5.482870121167929
4.544457087120746
4.444101932190853
5.545398177391276
4.969155546480705
5.476634157254356
5.1970802992271095
4.793548268733883
5.400242617438941
4.592994853066472
5.100021248545141
5.156938882325092
5.564747095029642
5.2854285209266285
5.006818259569564
5.217985601810092
5.367904095751972
5.133517779922716
5.166934043705641
5.156459098282618
4.967338084140155
4.882249701125858
5.112122154425601
5.8158525974775355
5.273292910005348
5.339693896299529
5.3607134357077255
5.113742470637578
5.221584105099358
5.839529276937772
5.209891395251239
4.704480129926255
5.286532381351954
4.919311324761423
5.284508812916262
5.702025670059538
5.25015604068058
5.310456403196083
5.007674056227138
5.041812136324411
4.486961322356703
5.593519829717404
5.23560414445041
4.492363151199235
5.315864159760894
4.66845554133286
5.448103108301505
4.728249107994439
5.0345205926114796
4.81646915655567
5.441559944741425
5.342782098673771
5.323111709138535
4.997997265319562
5.003077179671869
5.596172584831251
4.777122497994685
5.220880277134471
5.034058277454648
6.145461625558091
5.4562050311778965
5.3377267216659545
5.536637725638831
4.890863207990719
5.747830871653758
4.6363057710021
4.318493687346285
4.637353621734653
5.886164616815556
5.880682823695672
5.670233634489261
5.201107725367766
5.457144770464559
5.563848828160931
5.726673191063728
5.650406226607088
4.745063305684946
5.163156017144952
5.3176884823413095
5.880713410744544
5.2283396568130405
4.6584756390187065
5.385015158556475
4.937420773601356
6.064011638062236
4.995863809246377
5.848883527852913
5.614452326071035
5.912665199152077
5.949790635566102
5.973527815261386
5.999742899500515
5.508408975038353
4.977722370922344
5.88252095404939
4.985048959613757
5.546354189771548
5.3642179453766685
4.8792745756151445
6.034288604344858
5.823047201026884
5.084340499700633
4.87025324807285
5.243128254659198
5.796062404437904
4.442850131391975
5.363129720674496
5.224438170730313
5.446129778839784
4.367484855728875
5.356148765772148
5.4508872481297335
5.47694294943229
5.3634357662813334
5.403067738715416
5.335898732977945
5.280638735178482
5.804355029198723
5.135314755828738
5.955909992977298
5.07522376450378
5.454586142635699
5.629423862306361
5.231541578433875
5.920832091593534
5.413413291393009
5.600320395720742
5.444360448205638
5.0470413438737936
5.402419668247581
5.337702652463999
5.53751302008462
5.608831153694548
5.759656218622767
4.649110268265085
5.671184379507605
5.740667086433799
5.142403178086019
5.395712638951075
5.07851980888439
5.891245886003209
5.578671356200598
5.794046951789736
6.05492616714142
5.165648732055892
5.41192852388953
5.874079355818374
5.665020099380158
5.26213637130494
5.461321735783842
5.133823963949705
5.190561231688061
5.714422865439479
6.036309184443444
5.733598368442605
6.15255056130847
5.9148819916968565
6.424687172034154
5.387899309741919
4.931338471867834
5.916547519201036
5.633764773313861
5.510436916993879
5.4280572417272985
4.38913125571741
5.846569311584166
5.4596060723775075
5.503455673268326
5.550008557969013
4.907654345809551
5.607774943070796
4.933275372099436
6.225161754043761
5.704156027188047
5.127876894394805
5.007131410294517
5.276467621016759
5.622325237959302
5.115476129054752
5.241109879850899
5.093468955953442
5.02489603620435
5.54963808934696
5.533492183568805
4.787284276491998
4.895383483045095
5.658272508810211
5.455294056189277
5.411846771370181
5.607169040687182
5.555178233688482
5.488713034608469
4.826564868299398
5.166701885610351
3.743966457553496
5.96827003060304
5.654106448552323
5.0970036175378866
5.424913694795636
5.737620915407218
3.997739759707156
5.311276152514672
5.31012526684487
5.279725303362791
5.82629549019823
5.463204229160105
5.332448693484936
4.7176238219565985
5.18592551323438
5.132550569216874
4.977107792380134
5.099540219628686
5.864560973795851
4.85817411476314
5.733118170832109
5.804885946741636
5.19482132068869
5.087218600518331
4.921005868668419
4.992498467390997
5.02723851058833
5.331391921010541
5.182871577786078
5.782832091002895
5.624800226392341
5.213532370797307
5.024492848100943
5.57826802645259
4.56218118748231
5.383804355791674
5.790808413188996
5.20361731147764
5.627992773235144
5.378527685307532
5.490410517627958
4.76080557442633
5.955849613704273
5.003465766375414
5.772109834835081
5.76432249475236
5.481211571808642
5.307709415210361
4.683843294054631
5.279721151706985
5.672105263240426
5.29375246227351
5.463318530985117
5.948524586519205
5.258234360479211
5.549513799987363
5.035370385557686
4.5578006883922635
4.949748940617512
5.363580027618448
5.1621129765891025
4.522324265528899
5.528125129100462
5.736744663072783
5.791923336890093
5.052225165134627
4.33994920807113
5.592728530950133
5.3039995614237645
6.040755568314602
5.802386317759831
4.731305357932156
6.0530649452556755
5.328044729066516
5.102169543842504
5.205651063871917
5.293855255794395
4.705317069464645
5.188186198461152
5.333700787298568
5.651555568582316
6.179060451764178
5.874491733396699
4.479521625458096
5.5775310928115545
4.844354970636652
5.350506271734174
5.42826492655271
4.849707417811108
5.0505747760424375
5.025915492770699
5.519415778458481
5.211318235570726
5.086654706306588
6.301343871338372
5.400077815350463
5.392196921545399
5.776927181304621
5.399251731149714
5.1667651666814205
5.0679311861857945
5.310845713580075
5.39344453948393
5.849775035397988
6.012982747475477
4.878723739875471
4.65101948125689
4.69392524193416
4.381228111680467
5.266619630805371
5.370851531513723
5.667798916281806
5.300948030256369
5.3358629961842485
5.528894980162741
5.699767779403314
5.595442738959119
4.898459588479687
4.9831533682847065
4.838177946621114
4.370879741538379
5.453949432700231
5.326575283249594
5.349388413911836
6.122751540274998
4.643652293688446
4.852095871858114
4.882435127709655
5.294812753476509
5.288307431091859
4.479839569390341
4.68987532843882
5.097951638730711
4.294591086641259
5.092881149281239
5.602329720644176
5.574189723582342
4.964869163816314
5.212896503572968
5.271990826474836
5.129825447041481
6.16180068061455
5.067540944981728
5.279555057246094
5.5559334158730005
4.956464949262828
5.720295387644964
5.155704010088361
5.552748613752671
5.517209384928152
5.3969480007909025
5.3585280084741775
5.370424527671694
5.677116121928262
4.990233599359138
5.4663252784399115
5.886909488995258
5.4281193150424105
4.86832006172678
5.23005711767584
5.018424513690693
5.471492587863683
5.766921089056698
4.7118968768566205
5.078313560956954
5.281186074047712
4.881124635925849
5.386039380302796
4.8361464716558675
4.837688342842598
5.105339928359428
5.179781250411696
4.953873375468332
5.363763986099799
5.068434156366297
5.265614914196149
5.011386752070108
5.179642509609695
5.369413012422939
5.100684541226491
4.733494300164907
5.698173887667881
5.0498849517997115
5.444365356488988
5.327035621321409
5.193654241082241
4.683198545432208
5.104918290258815
5.349377656805534
6.184890155426062
5.5012509452892076
5.510692988769652
5.410142682347193
5.170178954561146
5.646574125285541
5.399287827112383
5.61596924155374
5.052532074762884
5.247770413051339
5.668271804258875
5.1343441247196315
5.550626256638594
4.848528383218557
4.920868401807086
4.798005801257895
5.621894936198087
5.263191542146175
5.582753877328173
5.155540926270877
5.183856203220914
4.743240846483982
5.219683988295648
5.850669208343459
5.358559236733994
5.726232909370682
5.325080299686631
5.695354823092452
5.167161446746503
5.198517474893368
3.9754124299456763
5.415413710251562
5.255476561926621
4.575090988898481
4.468982400770249
4.6986899242491145
5.546895030116519
5.418854518104994
5.443649735011736
5.1266824848487555
5.257074492086159
5.192498874327921
4.936331834063198
5.5097603909918185
4.696376719714176
5.592686135323291
4.587114294036153
5.309102164763952
5.529560620289409
4.900567153708567
5.165288614630561
4.785769238501032
5.281151525160658
5.036368855732517
4.308874081566499
5.2662379975180995
4.43650983412893
5.239548703662656
4.725969455353964
4.776057775236638
4.827803917394326
5.148995251453623
4.7366505569995105
4.912613568894402
5.61024623093546
5.061498189451934
5.760762178515626
4.305075255869621
5.241809903895426
4.407414452750542
4.479234510216342
4.956868421550481
4.964490805069333
5.180330708750873
5.466659749735674
5.657296480384793
4.665653160807257
4.883222985005524
4.550477409126901
5.094206720891239
4.095476905423297
5.331478657384949
5.2199935031693006
5.327726261939366
