4.818572647300514
5.107223211057684
4.834699678773904
4.846660608242404
4.524824155338251
4.567993017322869
4.954213385619039
4.7697765678772885
4.949636550498476
5.366195002516303
4.780676424862343
4.840925867537325
4.883309309685995
4.976691385056279
5.1908366088106455
5.0450080619797
4.658023415603208
4.8149811047911335
4.848632316982839
5.04053931947875
4.715418143968974
4.7685901824694445
4.430739493186276
4.405561841457475
5.129605852911589
4.707528960304865
4.800037717058667
5.115394476538739
4.911801103933105
5.205423782046966
5.2046048625932055
4.751614268290106
4.738518660459152
4.735337255528849
5.064673370059347
4.560591880629029
4.957001621131968
4.868618031366178
5.062830501764968
5.169319601483118
4.6266744184701265
4.5646356061335736
4.915437083761309
4.955174328746925
4.864913254014578
4.501251909756056
4.474567523069438
4.855015034084067
4.806491358236008
4.940100952218592
4.64646303042084
4.39764546275262
4.919046237556021
4.893021241860331
5.059568693641234
4.77715092305003
4.901595955413115
4.430845521716423
4.575113008429055
5.159773919968774
4.660427527892189
5.08898271230525
4.691356706380395
4.632904165459477
5.003682847634957
4.769861722858177
4.496159209665932
4.753916459608241
5.327819162292649
4.618414097037348
4.706504308356117
5.011953745058565
4.949563604849772
4.597817628554067
4.592048789413452
4.829474949421681
4.995559435155575
4.946204877534184
4.871144627013184
5.009017727642738
4.642400053043724
5.317255264199355
4.487360512323589
5.222482706088328
5.016241847439854
4.863084895244246
5.089468040163563
4.3784062949148135
4.926155632688329
4.376097672108253
4.873314682736175
5.125411251227031
4.926144547176398
4.702088666401416
5.128790781295808
5.1765528931573055
4.7689145407385745
5.201947115698968
5.0742811303232225
4.748811036892188
4.90135368774663
4.939397546363984
4.9123884601534336
5.302406904206125
4.753450528079054
4.991317317459539
5.222727409326788
4.8217319962275855
4.502965764983781
4.678345363460409
4.905525231589845
4.927573256159961
5.047928631479283
4.583644724809857
4.815545710329217
5.053556556625289
4.689108333600276
5.225748138184731
4.840620932855575
4.664487689500894
4.434311555065023
4.968833892278418
4.707070635347338
5.449473537609596
5.1529152671065654
4.950647388426689
4.284910391592623
4.95763296484779
5.082564408029031
5.1306261538886915
4.970663496055265
4.184314311720208
5.1424340788261445
4.956900084696149
5.0177486310329105
4.799864684404648
4.910214794727501
4.830592071169012
5.027318575383923
4.635460400272301
5.00667886161452
5.2380059192476
4.472580927796417
4.82667367377315
4.602209250267456
4.861852566097792
4.757739379865668
4.981285984461577
5.170201338022362
4.879530703095794
4.890211379998263
4.599106319656804
4.5016062218062585
5.305575465373938
4.984089830019953
4.929135739861286
5.039180184531711
4.282118719556461
4.730292032248898
4.69976332183697
5.294155793967448
5.080156417995891
5.212610870373365
4.925770497765975
4.964693472224143
4.5465654023187625
5.416964547421328
4.905560912045976
4.492051332053242
5.106466785549687
4.893287329541109
5.054095579365176
4.826032898783899
5.0245522821520305
4.938949426738023
4.636216486528451
4.876055531775268
4.416771097032596
5.408692225666829
4.448069571331235
5.181051352183633
5.105560164308276
4.347974500433226
5.338186867119016
5.2218637250107784
4.946754169531875
5.226976677902984
5.163146713048258
4.920376339522386
4.7180593293253485
4.736800122062742
5.154964439482341
5.213673999487198
4.844619311927305
4.782561221337695
5.560525839486916
4.665014188515793
4.456660341340245
4.630255598233311
4.864217841818139
5.077930720056657
4.780758550596794
5.279313194578599
5.313870408784737
4.995723099185808
5.35227482864936
5.336924956683626
5.8907471906481765
4.665810295966213
5.452439725643217
5.358189645784216
4.999671565881679
4.976915107115253
5.237193140742485
4.837012192698105
5.444723786437554
5.7183489288876395
5.123368422893679
4.627525742208292
5.175285792641295
5.110559626168447
4.826706243108382
5.392938168388595
5.021194814016141
4.596506536574389
5.331315646332907
4.769888445053905
4.820878759386521
5.832410109765585
5.410749524452267
5.075003122809401
4.773909030674597
6.128605348506792
5.8837854582599745
5.9456414470817025
5.501141434562736
5.243041451665581
5.933465571101672
4.544569692738796
5.302120500911938
5.111493139052825
4.719645162563515
5.734456320874955
4.677707032113062
4.686179320677643
5.401441341580741
4.817711490587884
4.68481859992413
4.934058460727764
4.0132250100635565
4.572910729598385
5.641728202412739
4.957399874786131
5.35958476630185
5.232138158290788
5.184150256245901
5.428252277685807
5.754804913419222
4.97673541419799
5.077075207637247
5.563507732708071
4.57447730242346
5.5366833176452825
5.141948985034764
4.707767029900766
5.341801846737313
4.929260464647875
4.719298036849417
5.163413382020601
5.566082350005366
5.123377224817932
5.483433623216293
5.42358002335858
5.6702615875406535
5.12514148314122
5.436966549833236
5.5642158273606
5.707401038487147
5.399497340750897
4.669359541114216
5.447556399705267
5.40379886746872
4.687855194526469
5.948911816321999
5.102624098945736
4.809718148344307
4.311111604447974
5.869131902539264
4.543803984758232
5.698388657773751
5.294207836385506
5.390023165027397
4.835192668929298
5.404073017165507
4.993255753966878
4.81379625689528
5.7840418035725785
5.208107508638145
5.613690307684043
6.053707332166155
4.547598515405086
4.879486581858925
4.692806000340628
4.968289558852279
5.710584876770958
5.160107033562796
5.445468355442836
6.006140936760814
4.852389503215883
5.4514218636882275
6.25686386549516
6.192683304402996
5.01472467718959
5.1608075799407915
4.6132447547885285
5.469108424393059
5.704791465710205
5.068854950371458
5.101586098808326
5.863030356396487
5.788405267120294
5.455185128284011
5.74093484635214
5.646290884605764
5.297672184209586
5.7691980223061625
5.245008436383209
5.51446454555185
5.6210690999266815
5.449029982832354
5.473702654003085
5.995206085652719
4.759594476785661
5.641019562588506
5.06341332557861
5.69429783253654
5.689034303626054
5.919988761586475
5.3300458376098305
4.992436093495615
5.473956260303311
5.466668664395059
5.568814620054581
5.645933923554332
5.685558165865105
5.665814370001089
5.450030779357065
4.965989172098267
5.689589068416035
5.541451763149903
5.186796508587387
5.053119882853631
5.40239843808865
5.876476664487653
5.385032257622715
5.071919580244893
5.761108339023366
5.08184878621206
5.692159915094669
5.844801483035417
5.13375328539228
5.670835531641436
4.701956832041948
5.1891474159080655
5.619004941456712
5.309765667383917
5.924306060207409
5.383936845432771
4.972376638345526
5.79725889042752
5.9425548866272555
5.516455679044107
5.199139932644709
5.031949073056607
5.789484251851626
5.620957963595038
4.942131743537638
5.837673254147757
5.860714639671084
6.206519494532028
6.091495506470196
4.409285739425429
5.502416894577467
5.592504272110717
5.957636538502331
6.171021419926953
5.312947271452922
5.958982128120066
4.979798712577443
5.193964253354313
6.294489264385782
5.324742242503388
6.008665732529049
5.276101337178527
5.452342047271079
6.006928456537301
4.691576449803085
5.786493990742676
5.396078007903757
4.662585122859196
5.87191923156429
4.1169718484621525
5.146066527086284
4.796719198218878
5.001327136793895
5.330208158979742
5.612608773810206
5.534666251919071
5.013220357495331
5.969086744357577
5.445093690498594
5.866837006856428
5.888242512246945
5.477697921415017
5.731532590075185
5.2894982405329545
4.8434535389754405
5.9850080027158965
5.802182845761743
6.047086051906908
6.146071463890948
5.669470112512837
5.206325054739951
5.964161282604985
5.494050508435874
5.705037718611789
5.932330076498372
4.703193238663959
5.437986658121645
5.560014532463539
5.627140338918565
5.62578327973114
5.7470876373229585
6.127888627318407
5.891249201697994
6.146540900333622
5.22098831208751
6.059701510686489
5.9729830037951155
5.923182588825822
5.850747171442892
5.610624994828939
5.738267230747424
5.971261416688643
5.549369245566293
5.748739459267071
6.094297055698311
6.152985389167713
6.261759148682636
6.1018879081829995
6.020775969413223
5.632650885503907
6.023561411098491
5.892891567950112
5.844439263304842
5.899288056773102
6.10844904502966
6.328905193285497
5.646343571752028
6.432671095635843
6.129767903724943
5.518475595663892
6.317786653633693
5.3859235802728085
5.654073262652468
5.684967826710384
6.146756737657222
5.072163599010741
5.720906123960194
5.612954180937175
5.790021520059636
6.120668292260165
5.7669720165941625
6.060206060776169
5.570086234036579
5.596328482076587
4.905362563470421
5.94035194654956
5.830708853759126
5.871387672973203
5.6019399288397445
6.06494183206805
6.013053901396212
5.82274551183975
5.9009858019735
5.566354520509707
6.278217404041671
5.540320958931654
5.6245619883091065
5.59973613630945
5.903517947767807
5.890035577716508
5.300354047726703
5.446372748283741
5.792669442827674
5.3281515029945306
4.556441382757163
5.262716344950936
5.696335238762512
5.511401526648633
5.8529840021601505
5.914024570916436
5.771575025454967
4.34870766766007
4.755519032095363
4.072426428262932
5.121893451889149
5.53352874278409
5.504685592020649
5.563250233844517
5.35035272316165
5.5708131569736965
6.022077145069336
5.125549324735347
5.622864215398273
5.427806480970405
6.13271184879018
4.618357968177226
5.056661275495706
5.4336971846121935
4.8991208204524055
5.382974179205348
4.977414955173891
5.047081233583066
5.430362526567097
5.991464301781693
6.267306139561085
5.523373583018129
5.324138138630144
6.048420957197486
5.589849165745921
5.669973335057478
5.397966208505902
3.8995350649060825
5.062313429676816
4.50418245640305
4.670208026259162
4.486470489750709
5.784509929200594
5.500344640240946
5.762498598905119
5.284561222081226
5.829723217505663
5.661816075671276
4.709066432786383
5.313185970418106
5.983045271141068
4.879400618123148
5.6058707817965825
5.116616847551207
5.160091543227202
5.870433609114455
5.9624624911711
5.334243338074743
5.074470834366414
6.25103845446997
5.750995258408194
5.163114291933189
5.9688475263741605
4.526311572759289
5.103217401999526
5.457811516986869
5.31589231959883
5.949153814600589
5.580782306495502
5.347256680171268
6.1285725272843115
5.724643572520957
5.516177621322452
5.309993538076749
6.429378236674335
5.9478912690784185
5.493184890915203
4.99011799386773
5.73325895798271
6.20899235645314
4.386126396520051
5.153368027402414
5.822134556658575
4.598901772696714
5.833836869824609
4.747705940064031
5.705034501440638
5.821383864823037
5.252704746286413
5.28184656970541
5.797361075157313
5.336574753066709
4.968077447675544
6.176032675720772
5.3303217459164385
5.337378850258882
4.801977217762299
4.8483464654627815
5.0014525637158815
5.790160280403439
5.4275663411842965
5.6032671434246755
5.373174340152777
5.191275691162203
5.243795291007041
4.637966048485214
5.7451342605417235
5.419568659068131
5.0162494382605844
4.809390834531094
4.519529671568592
5.186433628079674
5.600009701514375
5.471249305102166
4.900738808337111
5.214099284328147
5.210116007201316
5.301003331804546
5.699843719893725
5.222424360958056
5.355414741005372
4.542245250164218
4.507725517535302
5.374233624828077
5.604578208032161
5.577749016274446
4.949643901852409
5.274891111607065
5.026334410188496
5.596821087821048
4.747447667677182
