4.361215272044987
4.9864638270675385
4.720407714925355
5.024182875449054
5.063488324196135
4.560237766257788
5.150172413394563
5.117230806760232
4.419118221844056
5.216175909239391
4.798984523076494
4.298208265109575
5.182471213344184
4.58992648261921
4.2773762037927625
4.2502754364160165
4.546693954087758
3.9981459190139703
4.35218231138714
4.679596221082865
4.978877465436617
4.946228516477219
4.839543894832886
4.648906690946513
4.862749721180854
4.79048348160514
4.744511972973527
4.928685737095407
4.459179526351271
4.936297698002903
4.7431641141178
4.258295192168817
4.586388257599779
4.396171755098514
5.054842574196561
5.058302826305104
4.86587131874408
4.230491033280822
5.1853868975620045
4.008157544575464
4.8208980572892
4.9154979154866
4.31256608763748
4.427063794786365
4.623693770435967
4.853151586730912
4.653015038969334
4.7147666377233985
4.085403514307969
4.638170590189961
4.099752137207701
4.433705146031138
5.057893959361013
4.130437647884163
4.515558811575483
4.508267118904868
4.1870401993120785
4.611431263610143
4.03484408548681
4.926159589423723
4.36928461653601
4.922645652568758
4.221160263129331
4.5215022354412175
4.357440165116815
4.308528509623555
5.2485763486499755
4.134077800808055
4.553483257242209
4.538371911644336
3.871802452671719
4.869766157040903
4.179991596018582
4.650601693234742
5.081405312291054
5.073581474208643
4.251063474485151
4.593974942665854
4.623551515336535
4.693023219898264
4.157797762708261
4.130490862896034
4.302259385382034
4.851275093072534
3.8030759191085948
5.015229663836455
4.079183226571752
4.443733846431233
4.916244908321287
4.440308014924928
4.653654994927082
4.759576129722168
3.8813143774435916
4.167339544763912
3.6252440754347943
4.720710736685594
4.380860203231634
3.9490312713165596
4.303982889339862
4.7939920781142975
4.73695145291462
4.224936427954672
4.322029326136408
4.424860556198293
4.1552055766337075
4.579074501248437
3.3524683493667258
3.6606964469685055
3.825710169219389
3.2392454148880327
4.1772353868569745
4.441583772862848
3.7221287226325486
4.236413565977328
3.85545961698066
3.6066141531739877
4.526871910364322
4.247364072032376
4.4077766425039195
3.436471013878957
4.004979499950322
4.368460543532077
3.7666021139488643
4.389250440120166
3.8790722404531457
3.218735366284374
4.457900665479869
3.973517878047999
4.030586432791313
3.7295853933440903
3.816015573628325
4.23112182481512
3.2752602302273117
3.830111523999928
4.8669523054932995
3.075263921039807
4.422838842939536
3.77975154719391
3.8720664477701265
3.9737424459877135
3.8713968079847105
4.0081945470749645
3.8755196313933347
3.624826392553394
4.11067342574095
3.4929314046217472
3.513408565268455
4.501972362017439
3.4514985274153926
2.9041948016017556
3.3024192944106576
3.6840661158289425
3.7315806693630416
3.4594818962258773
4.134169951517753
3.31937393548416
3.544988580225987
3.9476083302641523
4.419010778215785
3.5932169017795994
3.8894650743259667
3.385738774734122
3.70523935360797
3.833941472258544
4.820279429634963
3.6634620536610556
4.137558227988293
4.49777370692091
4.339311577238503
2.8846168528488523
2.837239334536488
3.789008169553711
4.266904763952522
4.2348148247699795
2.7090511530820005
2.9915631477931313
2.6376840251384683
2.679003550804447
4.248455116510095
2.9930483013332503
3.481195971989531
3.692158001060772
3.731900967312524
3.69731011046053
3.7579997175941235
3.2861929764625906
2.372422310522852
4.1917437145518415
3.7921043344161673
3.4782932317338493
3.0943490907516393
3.2944763565433823
3.057200465572954
2.672142218921004
2.695991880839953
3.5317998737411487
3.2002007847070804
2.8719400154692187
2.963812325838317
2.6578471015770004
3.786021240215262
3.340107970709013
3.1828805177975283
3.4559553395976073
3.528514174302129
3.4060865073781854
3.2911426344893417
3.554867395862798
3.4667589354447212
3.4929735610743196
3.2071832599663663
3.6135191261930113
3.7864225765298114
3.1046112732712414
3.2360465646554832
2.178039894314628
3.4374967569893364
2.7662455068187186
3.7511553460341283
3.9999789921759916
2.4994173018174717
3.5424949855011802
3.296553316346153
3.695466359235777
3.18969505988709
3.778649577639149
3.199295183929052
3.650527606599999
3.2159407615295637
2.7074946940460807
3.3064766037967366
3.6726062581385004
2.9172402216462423
2.301279310218089
2.8048183782275453
3.50139796899554
2.582234772520491
2.2497374359577584
2.936505633894645
2.4009901694181526
3.3904610973202236
2.7383923296015156
3.5919892126214044
3.044813844147444
3.0755324785601954
3.3052241591803346
3.030077902603615
3.7982337953362575
3.049556714406249
3.5314913155635383
2.887116638973115
3.0969010851032426
3.0896378332809658
2.4659857461486814
3.20287012626973
2.5836681249343396
3.8328980249932263
3.1202290344526578
3.071490912204786
2.6454901796264485
2.3388505060297002
3.619023631061898
3.7197009178202274
2.689160797366055
2.9104499435659097
2.691096697352427
2.53879770245523
3.1343866658811845
2.2274835281743517
3.0776251549787528
2.5040717044194003
2.600626443764635
3.0752845259623376
2.7136552195382895
2.944124547678343
2.167737665254475
2.2979373971749975
3.4494978168138397
3.0704748056881823
3.7748135817642705
2.058297054017897
2.886401549006534
2.6993550043519745
3.5640004352147874
3.307963976006482
1.9770189414976869
2.4958589210628697
2.7270417713844335
2.9122197175998794
3.033173867189779
2.3144918555910725
2.195920825885384
2.699307652762018
2.313334385481119
2.8497999105116323
3.3185874740353936
2.924413202481107
2.7443750697460234
2.0887893503375365
2.0962856044392097
3.200595766932402
3.6634095355672787
2.567353390568441
2.546607382088449
2.6569064326112604
3.0488838494004664
2.3120191984878
3.3794889714440597
2.3628864529829956
2.1587790758678875
1.889492955679887
2.628893205230742
2.9432667270175683
2.96322401165545
2.882002654726924
1.8280867706925041
3.2061175744585793
2.708955280884931
2.0857550983814614
2.095659338574342
2.9620738789152083
2.820059787223104
2.828086788495679
2.6072547878611476
2.4377727483868377
2.0986099335013564
3.139602131004483
2.9147539039970325
2.7670241639282493
2.172883878092176
2.4548272587163775
2.154576424944608
2.0091230665790354
2.8728334835264913
2.5364920031231204
2.2683674402169167
2.360288318832657
2.0548958949594236
2.6444715009218855
2.064134098784581
1.7083199459064278
3.751248125166539
2.0397045591442104
2.713785949035693
1.851341025612707
2.1165938459399554
2.915738185240281
2.0606932994822214
2.8278587316106063
2.8013888310058115
2.6648821354021273
2.4152196358781497
1.9998085235684817
2.2235281664220654
2.3840653496597444
1.9347844000635819
2.2741094664388086
2.7260233362875916
1.982210215902405
2.037110022850867
2.264118844311759
1.8576452416650686
2.5388703394425374
2.904363193192646
2.779437568779444
2.88435212313321
2.797973947744021
1.657522003946744
2.0802440413435335
2.145752018779012
2.0779898269176718
2.282546219949527
2.512607243186774
1.8343782448256998
1.9092161755463821
2.6618218918233656
2.7557562049708255
1.983779963076452
1.7170631182652223
1.8146137855978492
2.068081103881382
2.54711451487316
1.9923246280417415
1.6521328874091783
1.9794010658563579
2.343579753995237
3.133761481981218
1.6904220742719893
2.8351731273498193
2.3041293554228646
1.5527157016240722
2.1161765788400597
1.8288338886198836
2.6536218066550425
2.330070896712003
2.805285388741305
1.3409442279444939
2.214126500970525
2.0210446302858194
1.9329777816500107
1.7485329546646835
2.7576594858305916
3.003095925405464
2.7109480235445806
1.9340485599847563
1.960761540787405
1.588160253051432
2.8096134972129105
2.414467304989923
2.155979192302446
1.97894775903386
2.9675795524716917
2.6329158882881223
1.9139740712552398
1.4165134270462039
1.6134081421692743
2.333304871655675
2.4480721050595564
1.660883461996678
1.8818787333883837
1.9716602609547031
1.5580949723944733
1.6540578835807915
1.873573085817244
1.5859097746593842
1.8666562642559952
2.5310460236989543
2.5578299204259176
2.4755810962138156
2.414260240700111
2.2740992706363903
2.2568717648995373
1.9192539370995667
2.222649450963709
1.4319534342632412
1.9670782648762832
2.7971965325145205
2.2280210808279883
1.7236312372696538
1.6062221798985363
1.4847630381311812
1.7409380361149653
1.948938604150822
1.9939622771113241
1.810859396715163
2.341400388062779
1.6937700669398958
2.1139783216327666
1.518686766889366
1.67893167579638
1.9468116643987008
1.8022534972130035
1.5987661003886242
1.515231511064986
2.0477123604434153
2.145064084934588
1.7452761262895173
2.8690183247127963
1.7877887807910529
1.9244729945645276
1.9505978999305815
2.703853870896868
1.8125887404040328
1.609119286006918
1.5488251482277855
1.8029955500504105
1.4672098034049241
1.7863062781458077
2.4954022068675497
1.906120442668404
1.7388950513486263
1.8552867002376663
2.1557264340891154
1.879177317622388
1.4602959241105058
2.0834109469384
2.4685886130913675
1.9398670626289836
2.277966877190726
1.811590339431941
2.4304482084367716
2.19276952660243
2.0475637565981715
2.0430332406447214
2.669317539916399
1.6117367756406806
1.7115494514358536
2.6632853375956698
1.5767671121668876
1.6972761526421976
2.173470954319055
1.714481345820326
1.4228475705716248
1.5736952278646954
1.944351548314972
1.829767260412649
2.354475268960829
1.985139968982792
2.2314908538828298
1.959847080663301
2.579111175627645
2.403720884044016
1.669371551580475
2.4229147105956135
2.7878944240581687
2.0729936505293134
1.514601902911046
2.6569768057869965
2.0401582738256097
2.156706911291183
1.8456301444141612
1.8653482757356628
1.7808945108585565
1.8472520784525697
1.521075835376966
1.6448698454762585
1.9395901328398526
2.318187295753501
1.6080877132069622
2.1554434723900555
1.9083230297931797
2.26405158382023
2.2075051755029405
1.7571547786280413
2.4633203329688915
2.2242072294023085
2.783049282002823
2.1884836742595426
1.7296474568629652
2.1812286710283164
1.4850462827713058
1.4551550634539414
2.2135593645361404
1.7359608583139985
2.0899296210130553
2.2426865350328353
2.088912680329767
2.804836908040983
2.4183113970908066
1.85525741431867
2.251097127027205
1.9244398846708628
1.9858104532245355
1.7110045114635
1.8211142936691516
1.5367618248738617
1.7451241611940382
2.1378993268102517
2.2627751272384495
1.991052810652239
3.061929649552098
1.92144185377616
1.9206409542733336
1.785579506583983
1.7423155266758468
1.8027191343898286
1.7974344205896968
2.2522204761933895
2.0680621299456594
1.9778843674696764
1.6869510349280115
1.9863717490049673
2.384392892089044
1.619466497646647
2.7643739606565636
1.8864063410464553
2.6494081925029542
1.5308713562906548
1.9575303378338609
1.8607354013088127
2.4592393276367313
1.8191088527298935
2.2575518470495295
1.9814651062825652
2.6343163356830073
2.286635907297842
1.891448344760129
2.2525145952917605
2.0114197225913437
1.7614938344586977
1.7680374273893276
1.6250486957406547
1.5365621029777998
2.531171569292564
1.9802693508674685
2.019294424694954
3.1187220002898846
1.7343662789358825
2.9626879442552956
1.7555261836571676
1.843309541583642
1.732318772085568
1.7089770813167335
1.5296974253945992
1.825827134576761
1.9439906429904896
3.1490988167154303
2.0296416390679046
1.5407718057213722
1.8862328859872248
1.672107806145196
1.9187916379313574
2.1102809238434195
2.0597595191058025
2.188463177988358
1.7128156324070958
2.3185359135005306
2.232163758202433
1.9584764688600351
1.780078041274035
1.8740311257991262
1.9731041021636961
1.7882390183432357
2.2114982654695376
2.3305626215260964
1.9021852776076658
2.374038190192287
1.528043683614155
1.921270421473558
1.5519552019095386
1.6841619956712595
1.8263134357933655
2.708165784744885
1.5965189534904294
2.2788523995786854
2.3269039241192155
1.7820713424837644
1.95362028429131
2.5744350846318436
1.7880357507137647
1.3679030375288401
1.7633325124526453
2.06180364448948
1.9449082440067902
2.8135182192642927
2.2954662454793917
1.8470724743661595
1.9350849052732995
2.4024005471335688
1.3018309043256568
1.925938462402695
1.6940637328516372
1.842688585601773
2.371259995776093
1.6705906923122553
2.08447795068254
1.6600812588795457
2.223751176713565
2.308601729260912
2.5792803328099776
2.5484325989294283
2.1458927786887276
1.764291557084418
2.2828000958272945
1.8392381006000524
2.2520700551852166
1.8198448149902455
2.888658860877512
2.5307673265124966
1.845810972785404
2.2303235621732886
2.292574211061437
1.5583230250236233
2.4445267688562815
1.3139204280358923
1.6847671445631534
1.5751014238834777
1.6612413806406239
1.4344552947722564
2.1169016258727456
1.8815914491044645
2.089416878277696
2.1676023896861345
1.7060438514428928
1.9098060792267033
1.716505431600837
1.6729821314841464
1.5867595438091362
2.9336847709468303
2.307198167932714
1.842963971488722
1.569029554106616
2.006791990273057
1.962502964967131
1.9336139734686268
2.655815854705635
1.9777533400888132
1.86755618151946
1.8884033164483187
1.717312156102138
2.135944995107185
2.194891547631277
1.4299541389961057
2.0820068690937292
2.0006506423909376
1.856403319011836
1.7132998538272879
1.5657643300665152
1.9705406058363062
1.4452640503782077
1.894188875327843
1.7863103195171819
1.7940989220787322
2.052535346761743
1.8647979189916821
2.185561752156043
2.2860268240697112
1.7942435493262971
1.8314804204369293
1.7371806084836663
1.5926387301337201
2.4535740060385174
2.5342189970322804
1.6108872121883386
1.9137372641434518
2.950685294044388
1.8027773349674032
1.4459471611485395
2.604089637505882
2.8337098744287625
1.6059947535317276
2.3346713017149496
2.3141421743743464
1.68298593319198
1.6893925169040531
1.914164249532868
2.1326737426051423
2.112214299628579
2.252056140517371
2.27104854728294
1.6796666095122716
2.158411461536035
1.9010140760362444
2.6716700777353983
1.7494249177773828
1.3504011133667209
1.8405240731831747
1.7369212460070163
1.5624783180864172
