4.322684576255947
5.069500901722688
4.639613600518359
4.712198493994537
5.160388771319146
5.222953279576521
5.158491559010637
4.787157812327759
4.943522703315462
4.813850362474221
4.668905013111941
4.841505434166816
4.483605762121459
4.459715841954406
4.258667794788839
4.771316698324743
4.691411519256225
4.906942430847903
4.765531755743065
4.432335358319135
5.20311601273327
4.7741037389284635
4.651545171583237
4.7764474270331245
4.691373167144616
4.714442951047538
4.941913196191671
4.87707115913251
4.593957900758431
4.9835640436868385
5.063543620019584
4.799847458460245
4.588349754310447
4.661842843932311
4.227275974488109
5.068881760319683
4.591516264321762
5.2388948758656735
4.741516573384465
4.747627481849144
5.089365483431453
4.082096110287641
4.937481690219091
5.220021398629017
4.732297257730745
4.98434984559402
4.910204985079903
4.528666671225939
4.868032796465301
4.617016012689082
4.57132444290936
4.664076858606153
4.6584131574400045
4.630026968346826
5.212681033862781
5.029268721620692
4.689318363472563
4.937051378337305
4.824033144844258
4.750350665249754
5.01016083555815
5.081276680514058
4.700567378041759
4.873000813768131
4.790505506179071
5.1198971851381545
4.44014706381852
5.031886152489271
4.449184541612152
4.460232158459791
4.86687560776219
4.761314369661754
5.370417209045368
4.690977792253094
5.185097551019643
4.420066939372513
5.062663158608883
4.615785543142075
4.8552384995577835
4.812428388127686
4.880195634782645
5.037869679918296
4.83794434420954
4.758759652040157
4.684279620774266
5.28440897455469
5.033276848192227
5.109862932590733
4.62406482811307
4.956216047260886
4.480045049403662
5.270979257320343
4.407141477629925
5.2278989926475035
4.6808657742412345
4.788032079192171
4.810336212139203
4.133250271783547
4.672380665189692
5.192169796747719
4.896564024187995
4.543390067112214
4.52935354253962
4.833972454570207
5.023566822259528
4.7778054108434524
4.40322025688822
4.642621643078162
4.982115991264025
4.209574046054775
4.656347647314251
4.819826296220673
4.458209668665896
4.341327031804647
4.803588433011445
4.926149620810875
4.647291647560082
4.836128592990851
4.461082345221417
4.816659776025064
4.655616830137527
4.079936621591987
4.355646035494755
3.948676700878077
4.421637191775949
4.268973715283613
4.623558761853998
4.704306630405474
4.487405727464046
4.0996765723559765
3.8945290656802367
4.329527596758934
3.769634043764895
4.751865364982463
4.5640534951918905
4.061405482868669
3.4473603191169895
3.991412289489107
4.355656829231432
4.5935173191746514
4.20124723421671
4.571835456413745
4.3052247447762495
3.5590993403939355
4.045697606072531
4.5231220443227995
3.758227923335784
4.131793835826725
4.294546076023603
3.882662737831806
3.989097301263477
4.001743998055198
4.221210634724831
3.4207388717395975
4.311781420613737
3.368073172711254
4.390310358850446
3.3461675386275793
3.4908417693584144
4.622322002083277
4.664384588600673
3.847221522916498
4.0732295164713195
4.066202648201723
3.6381366898661742
3.926618131070406
3.5680689524088973
3.8112501653165967
3.7450641227728205
3.6839073625660386
4.648106678020755
3.925483109202043
3.74075470415992
4.002362339930908
3.618883028562228
3.7555503672879906
4.637915621121292
3.9020557220433965
4.388250243084868
3.40218651257537
2.853452295952996
3.835736895140122
3.9001217627077507
4.533647172977325
4.377722010143911
3.489939782895481
3.727527461750301
3.706208891223236
3.681140919900591
3.566738391165491
4.362705660450061
3.000812214015198
3.790636529833683
3.5790057039541634
4.028524237527559
3.6252084931667703
4.321805093784648
3.7991979544503245
3.536545149582041
4.249425393067481
4.073237005519925
4.195972259107936
3.733252894491706
3.5570885297387407
3.773333421052063
3.86163112207744
3.76953966564296
3.453760071516094
3.399270351530564
3.2289855475815217
3.395571630255722
2.8647015953010118
3.1885402175494435
3.6522799371110306
3.3815818314870376
4.253008497398964
4.07220797787364
3.269057898582834
3.6312573976483096
3.5398928055603687
3.576415124311789
2.419256431475549
4.401631992322963
4.130651911229453
3.953959924705576
3.84866537240531
3.0935169172137393
4.080392448379327
3.878449705382637
3.0581344909343455
3.816731907493084
2.4307211797680943
3.254551282870641
3.4061424424398754
3.392104535253385
2.994946055920277
3.03931848786303
3.3272672830535988
3.1909942094110546
2.3897608477894217
3.3975897853917774
4.24104992047516
3.505761811346122
3.7309622747667524
3.8405491438782766
3.744110025533763
3.1507920489002275
3.0157636683770335
3.0360419645286876
3.337726677667028
2.830661878865556
3.1884913614200987
2.7050529736829536
3.4966253332496677
3.465252982162148
3.1551046725776772
3.2836842020598946
2.6329304229610395
3.0136381269974746
2.810191556092765
3.293212621839349
3.3280706887169362
3.731323532398112
3.1630390899713174
3.66063068271722
2.849167652230648
3.736402541272036
2.5967359051091767
3.234947744569705
3.7006271278047236
4.259834014867449
3.2231675375695152
3.0356034418089832
2.5182268285887544
4.079432318379857
3.075637461284993
2.772531472742219
3.289716631829763
2.98165796532127
3.536669278694132
3.3911271172433852
3.2508466014976864
3.6477289581661236
3.4023988581017135
2.3261419724679
3.3542544644407664
2.142189230007476
2.9406925806942827
3.6357495258395964
3.6517019091079166
3.8818653997046586
2.429619650949694
3.248042609192049
3.1676101667240237
3.3237980881199714
2.403509576868936
3.319002305336529
2.2613123717785135
2.9831994690723067
3.068469774929462
2.7846352536263845
3.5208961456500125
4.141183709820167
3.079607899816358
2.581941549906058
2.727047906666642
2.6864232784062203
3.6038212900911746
3.1125291423152497
2.7266905947744866
2.9548236552794473
2.4966120782309202
3.0332742350623385
2.620247563491802
2.363030497355563
1.9730719157641217
3.017360245510246
3.3420888805973004
1.75844451474996
1.9226802168739874
2.830452671238464
3.3860572268435765
3.366407175611063
1.894432094713934
2.8468247481610645
2.575749988911344
3.287324387633386
2.999303324818183
3.910987023609968
2.7155554748356745
2.824799896323711
2.6434289964713678
2.894371867957256
2.1254949290350273
2.0456820254667045
2.7457540125306026
3.7201538211371377
1.9957845211336624
2.7146503451280157
2.6592901318132074
1.8140000541742047
2.653765024290527
3.0753638191454145
3.1882631295946284
2.5879449077926098
3.034576400225955
1.9823811694336653
2.8434793990317853
1.8363942189102271
2.8921364326983086
2.0065186497825214
2.315423343839387
2.547610938629338
3.2206491973800935
2.5197390918703535
3.5306214657960293
1.608868789891128
2.7245480223081096
3.3381447820289045
2.3034389676825606
2.22505245846696
2.550045585132184
2.748222945350972
2.44999334057776
3.5399405760189104
2.7842129847439883
2.4459564840800803
2.2655433874400144
2.7932310829636138
2.5603962690159277
1.9628560303846605
2.6846977527087525
2.2954421819591793
2.1204469012128695
2.29048744598339
1.8773128349076589
2.116059531323991
2.1055851596127915
2.6719482831615973
1.8104189430726192
2.1738563718076978
2.436853500807775
1.9178253122533961
2.876608714261779
2.8895840574254255
